32 1 96 63 11 22 87 4 77 84 
96 68 4 87 95 15 84 46 72 44 
99 21 62 68 67 85 60 32 19 71 
22 19 100 75 6 33 11 71 87 52 
93 96 12 4 32 19 11 88 30 73 
4 96 41 12 71 47 67 91 79 32 
4 49 46 23 84 15 58 1 71 73 
11 77 91 12 14 44 50 81 68 15 
12 46 22 92 21 15 81 63 68 78 
92 74 77 47 15 91 67 65 44 12 
96 23 8 73 6 41 86 30 67 38 
7 63 91 87 71 85 12 77 15 11 
71 13 68 63 4 29 12 73 11 15 
30 76 61 11 47 39 86 22 65 12 
30 62 91 13 23 67 97 46 4 32 
47 12 94 34 15 4 44 67 11 23 
7 78 73 12 87 47 15 71 5 62 
30 11 46 92 55 22 31 39 43 24 
43 96 68 42 67 47 11 14 30 23 
82 31 33 21 11 5 16 19 15 44 
11 33 80 67 60 7 14 47 91 12 
91 11 61 30 60 97 23 5 78 67 
9 14 19 85 32 91 87 33 47 11 
25 11 68 22 99 84 15 73 41 72 
93 89 43 12 73 13 67 91 32 71 
47 4 76 20 7 87 55 14 32 12 
77 67 45 15 12 47 84 91 63 36 
25 91 85 33 90 12 22 1 81 78 
100 33 17 77 63 30 91 11 85 68 
91 63 8 39 12 11 77 73 1 68 
47 9 91 80 15 12 60 72 71 62 
11 68 51 32 87 84 15 61 54 24 
43 87 67 29 14 12 15 73 41 11 
84 30 6 19 46 9 45 75 11 54 
22 11 66 73 23 46 88 54 82 76 
47 11 67 87 71 33 15 68 78 30 
11 43 47 80 33 61 45 60 16 87 
14 32 44 77 11 68 78 71 29 12 
41 82 22 83 81 3 58 27 11 12 
44 12 35 82 4 91 63 29 79 61 
26 65 39 73 44 15 80 47 53 11 
19 91 85 67 12 11 73 29 14 10 
11 87 26 41 57 96 13 33 77 73 
97 76 7 33 11 89 91 47 81 32 
38 81 100 41 60 15 63 16 91 47 
11 7 12 21 63 4 81 22 15 73 
25 86 22 20 12 68 24 14 46 11 
91 83 47 11 39 73 63 71 23 75 
33 96 85 30 81 73 94 61 91 19 
9 84 91 76 13 32 61 87 21 6 
17 81 4 11 96 12 41 23 77 71 
50 11 8 71 74 23 79 30 81 47 
32 33 88 80 67 21 10 71 46 68 
24 22 49 80 37 77 11 46 90 15 
31 73 12 11 68 89 32 87 63 77 
89 73 81 11 46 88 51 71 47 58 
41 4 54 22 60 73 11 12 89 31 
12 91 83 86 77 47 73 22 65 68 
68 88 17 12 11 15 32 1 77 5 
44 32 63 46 73 42 71 12 68 85 
86 19 87 63 11 7 12 21 33 44 
6 91 1 8 23 15 22 11 44 64 
47 89 4 12 91 81 63 45 11 77 
96 20 47 31 5 87 72 12 44 73 
91 63 11 43 19 78 87 75 14 25 
67 14 81 91 33 63 11 7 15 88 
25 24 73 67 79 11 84 2 22 74 
96 74 30 67 91 84 22 100 47 37 
47 76 85 11 14 23 52 71 12 15 
11 32 41 79 82 71 58 51 12 63 
91 61 43 81 11 87 76 73 12 47 
96 11 33 45 4 32 81 78 71 63 
11 29 1 43 23 40 73 12 88 79 
1 73 4 11 67 98 14 81 55 12 
63 53 47 4 33 71 12 11 30 77 
91 11 33 60 15 63 71 93 73 21 
88 43 100 53 57 87 47 60 22 12 
91 76 61 47 85 71 4 11 94 33 
7 63 81 11 23 32 15 100 44 80 
43 11 87 12 80 72 47 67 18 32 
57 63 29 88 11 16 12 71 47 65 
23 67 8 11 80 97 33 57 93 16 
60 73 23 12 74 11 24 70 71 29 
68 22 96 47 84 71 33 44 74 11 
29 4 74 32 41 81 73 67 78 69 
30 6 63 47 86 91 73 40 15 56 
61 85 32 71 68 47 11 65 44 22 
79 47 40 16 15 74 73 67 60 72 
100 81 30 37 15 13 22 33 44 17 
60 11 73 63 30 12 90 78 71 46 
47 11 15 94 22 60 84 23 63 44 
96 4 22 5 65 62 44 11 47 54 
73 44 91 11 85 47 5 15 71 43 
91 47 12 35 43 15 32 78 13 59 
41 44 75 80 67 11 29 46 87 2 
66 96 91 58 4 83 73 20 11 29 
48 47 11 12 96 16 22 91 67 71 
36 29 33 11 95 14 49 4 81 25 
89 84 67 11 61 70 62 52 45 10 
67 11 87 4 62 77 22 23 41 63 
11 21 96 77 18 4 12 73 33 29 
11 49 67 96 91 32 25 63 16 73 
25 43 11 56 84 45 33 63 98 73 
6 80 51 41 74 15 11 44 87 61 
89 11 16 51 15 77 70 46 21 63 
33 25 70 31 19 4 1 22 62 15 
84 12 14 30 46 26 15 22 58 19 
91 61 85 56 47 71 93 83 73 22 
21 56 12 7 71 23 11 47 44 78 
32 16 63 15 69 47 77 11 79 58 
77 86 2 30 91 46 44 11 32 63 
63 79 23 71 61 91 60 15 33 77 
66 22 83 7 91 47 12 85 43 15 
75 69 22 91 68 86 12 74 36 11 
72 85 67 56 96 11 63 15 41 71 
13 4 46 67 54 65 11 73 15 47 
80 85 86 97 36 23 11 73 4 72 
25 11 81 98 87 55 68 22 46 12 
77 67 91 33 80 73 25 95 11 68 
96 30 91 12 11 63 93 33 77 73 
63 39 7 44 81 87 12 41 11 73 
25 96 58 85 21 71 82 36 62 3 
7 47 21 96 32 57 12 63 4 52 
60 92 11 67 61 73 47 68 71 22 
84 25 73 20 74 32 41 22 13 63 
91 86 61 11 30 60 29 56 35 22 
67 46 88 89 85 22 71 11 32 73 
33 67 1 91 21 44 11 26 71 63 
25 39 11 63 40 23 85 71 70 15 
25 41 4 15 63 77 22 51 12 45 
47 41 96 63 21 46 11 81 12 22 
7 96 21 9 5 30 36 85 4 32 
25 44 11 97 15 71 74 77 30 4 
30 82 47 79 63 32 51 71 87 12 
48 24 61 12 11 85 97 23 41 74 
61 69 73 51 63 43 4 12 15 22 
43 95 47 91 33 11 32 22 16 12 
16 47 33 29 77 11 15 21 12 44 
56 71 16 82 47 85 4 83 12 63 
89 54 6 67 12 47 11 13 63 4 
96 41 21 23 67 73 77 86 71 97 
11 12 47 61 85 33 7 29 65 74 
4 66 71 47 96 81 12 68 88 13 
79 71 5 59 41 12 40 70 11 96 
47 79 12 55 67 73 87 11 88 80 
13 62 15 11 2 29 86 73 23 30 
61 23 12 47 15 8 44 22 74 68 
7 81 30 67 49 1 11 63 58 46 
85 14 72 23 93 34 11 33 15 22 
96 11 84 32 71 30 2 60 63 46 
4 43 30 71 100 23 33 8 22 44 
61 30 81 71 56 73 33 5 13 63 
56 100 14 87 4 11 81 33 61 73 
47 11 43 12 4 89 77 27 18 88 
11 7 63 15 67 47 71 84 52 46 
82 86 74 12 47 15 73 71 76 51 
23 26 89 49 81 16 33 4 30 45 
13 39 32 25 12 44 47 77 4 71 
91 83 81 66 4 71 56 11 33 63 
41 31 9 11 74 10 12 91 68 71 
21 11 12 89 16 43 50 80 95 91 
40 47 71 11 4 93 15 97 1 22 
12 61 14 71 84 87 50 45 23 73 
32 34 87 12 15 47 91 71 86 57 
93 69 4 11 47 91 76 62 12 63 
79 13 73 29 7 81 11 21 52 62 
11 68 32 6 39 81 63 61 54 12 
12 87 85 15 71 23 11 63 91 52 
33 88 84 14 40 12 4 15 46 77 
5 35 73 23 68 49 85 41 72 11 
64 2 84 12 11 91 32 100 71 41 
47 78 91 71 9 63 23 11 42 5 
96 74 23 84 22 47 87 20 11 80 
87 32 11 12 84 65 91 29 47 67 
76 2 30 87 47 11 14 77 12 44 
61 12 14 28 69 6 35 79 96 41 
11 63 30 91 67 12 75 47 29 84 
61 69 8 11 91 60 77 68 63 73 
4 96 84 61 73 67 10 5 97 24 
42 4 67 15 51 11 63 71 38 81 
63 12 68 78 71 15 96 33 52 11 
6 67 47 88 63 11 91 22 15 41 
82 23 41 76 5 87 22 11 91 12 
98 83 4 79 12 5 23 63 22 71 
85 100 73 19 11 47 12 87 22 51 
11 6 81 15 87 22 91 33 100 78 
57 32 43 45 11 15 4 47 71 51 
32 12 9 77 63 91 43 73 30 11 
25 36 16 11 5 50 9 18 56 10 
72 12 37 84 9 32 41 33 15 11 
7 63 81 47 4 87 12 5 52 15 
38 32 77 96 11 12 47 67 68 33 
43 12 79 95 13 56 4 91 16 11 
47 86 12 4 68 60 67 41 46 15 
41 44 92 21 32 73 47 5 84 88 
29 96 73 38 23 71 87 15 91 52 
85 32 4 87 80 61 51 41 19 74 
33 61 73 46 67 76 91 23 11 51 
57 21 12 63 11 71 95 4 74 22 
81 60 7 91 21 11 12 74 41 29 
92 15 63 91 11 4 12 73 33 47 
14 8 84 11 81 71 23 67 63 30 
70 47 25 88 12 51 4 11 29 22 
95 88 14 22 47 42 85 11 56 9 
8 5 42 39 91 43 11 12 4 15 
91 12 71 68 63 4 87 11 32 43 
5 73 35 44 87 32 11 91 33 51 
45 84 77 20 26 4 12 51 73 10 
