89 98 26 4 63 45 62 10 44 3
26 74 76 63 77 97 22 12 55 16
32 1 96 63 11 22 87 4 77 84
6 19 30 41 5 79 63 71 22 15
39 63 91 43 44 65 87 12 5 71
96 68 4 87 95 15 84 46 72 44
70 59 98 11 12 74 87 8 78 65
99 21 62 68 67 85 60 32 19 71
82 79 63 19 47 4 45 59 87 17
22 19 100 75 6 33 11 71 87 52
93 96 12 4 32 19 11 88 30 73
45 78 75 79 65 23 80 85 86 51
4 96 41 12 71 47 67 91 79 32
66 76 21 77 94 93 85 29 79 86
48 100 78 39 47 63 75 43 32 74
97 71 49 10 1 63 22 4 2 31
4 49 46 23 84 15 58 1 71 73
11 77 91 12 14 44 50 81 68 15
12 46 22 92 21 15 81 63 68 78
79 81 65 78 5 71 56 62 51 55
84 1 63 87 51 29 15 11 54 44
92 74 77 47 15 91 67 65 44 12
96 23 8 73 6 41 86 30 67 38
27 54 62 29 33 31 30 26 6 7
22 13 47 91 87 52 11 29 68 45
7 63 91 87 71 85 12 77 15 11
7 91 78 70 41 75 49 16 60 30
71 13 68 63 4 29 12 73 11 15
23 22 61 13 74 47 11 66 58 51
4 69 10 33 63 5 54 22 81 52
30 76 61 11 47 39 86 22 65 12
22 4 61 21 39 43 60 41 33 47
74 76 89 44 23 65 46 40 63 11
30 62 91 13 23 67 97 46 4 32
47 12 94 34 15 4 44 67 11 23
42 81 23 91 50 33 56 63 11 5
7 78 73 12 87 47 15 71 5 62
30 11 46 92 55 22 31 39 43 24
78 62 5 56 91 3 63 12 55 8
96 60 33 73 19 68 43 76 99 65
43 96 68 42 67 47 11 14 30 23
12 25 74 63 95 16 91 79 66 73
82 31 33 21 11 5 16 19 15 44
11 33 80 67 60 7 14 47 91 12
21 60 14 89 7 67 96 50 57 25
7 99 39 42 68 11 70 30 96 87
91 11 61 30 60 97 23 5 78 67
9 14 19 85 32 91 87 33 47 11
25 11 68 22 99 84 15 73 41 72
93 89 43 12 73 13 67 91 32 71
19 96 43 60 71 42 1 2 100 45
89 40 8 68 88 54 12 2 94 4
47 4 76 20 7 87 55 14 32 12
89 80 63 85 100 12 41 58 46 68
19 72 28 94 64 41 24 81 11 44
77 67 45 15 12 47 84 91 63 36
25 91 85 33 90 12 22 1 81 78
100 33 17 77 63 30 91 11 85 68
91 63 8 39 12 11 77 73 1 68
47 21 12 30 63 71 13 32 68 51
45 73 89 64 94 62 54 12 91 32
47 9 91 80 15 12 60 72 71 62
11 68 51 32 87 84 15 61 54 24
43 87 67 29 14 12 15 73 41 11
84 30 6 19 46 9 45 75 11 54
85 39 11 4 71 5 68 22 58 53
22 11 66 73 23 46 88 54 82 76
47 11 67 87 71 33 15 68 78 30
25 86 71 91 41 39 23 15 68 73
11 43 47 80 33 61 45 60 16 87
14 32 44 77 11 68 78 71 29 12
13 44 1 30 52 28 73 4 24 5
29 39 74 1 84 23 22 57 32 95
4 87 9 16 44 41 32 79 52 89
41 82 22 83 81 3 58 27 11 12
73 89 63 22 41 81 91 47 71 68
44 12 35 82 4 91 63 29 79 61
26 65 39 73 44 15 80 47 53 11
21 91 23 47 19 33 5 56 76 71
19 91 85 67 12 11 73 29 14 10
11 87 26 41 57 96 13 33 77 73
97 76 7 33 11 89 91 47 81 32
38 81 100 41 60 15 63 16 91 47
11 7 12 21 63 4 81 22 15 73
11 78 44 1 4 91 33 37 54 63
25 86 22 20 12 68 24 14 46 11
52 22 13 46 80 71 63 51 68 88
87 69 18 52 91 62 78 47 68 51
91 83 47 11 39 73 63 71 23 75
74 11 91 87 16 68 73 89 82 57
33 96 85 30 81 73 94 61 91 19
11 91 30 19 73 36 58 43 32 68
16 93 5 40 4 73 7 58 79 11
93 52 86 44 89 71 67 47 63 74
43 91 22 44 33 71 86 51 77 7
9 84 91 76 13 32 61 87 21 6
76 6 87 29 98 47 24 11 74 91
17 81 4 11 96 12 41 23 77 71
50 11 8 71 74 23 79 30 81 47
43 52 89 15 75 74 47 3 20 45
32 33 88 80 67 21 10 71 46 68
24 22 49 80 37 77 11 46 90 15
31 73 12 11 68 89 32 87 63 77
78 70 9 84 30 51 87 24 4 5
35 63 45 68 54 16 91 97 11 58
41 44 7 26 91 90 11 22 63 68
24 7 58 74 11 91 63 68 77 56
2 86 58 72 73 41 74 84 88 1
89 73 81 11 46 88 51 71 47 58
41 4 54 22 60 73 11 12 89 31
12 91 83 86 77 47 73 22 65 68
62 6 77 47 91 63 44 12 88 75
68 88 17 12 11 15 32 1 77 5
6 77 91 87 80 32 40 68 47 71
44 32 63 46 73 42 71 12 68 85
86 19 87 63 11 7 12 21 33 44
6 91 1 8 23 15 22 11 44 64
47 89 4 12 91 81 63 45 11 77
96 20 47 31 5 87 72 12 44 73
13 11 85 41 95 98 74 19 8 46
91 63 11 43 19 78 87 75 14 25
67 14 81 91 33 63 11 7 15 88
32 25 70 17 47 72 45 44 71 56
47 14 74 44 65 12 11 77 39 63
25 24 73 67 79 11 84 2 22 74
96 74 30 67 91 84 22 100 47 37
47 76 85 11 14 23 52 71 12 15
11 32 41 79 82 71 58 51 12 63
91 61 43 81 11 87 76 73 12 47
96 11 33 45 4 32 81 78 71 63
25 83 58 91 29 72 54 51 11 97
89 13 44 94 33 68 21 98 84 29
14 47 81 91 77 18 60 68 87 12
11 29 1 43 23 40 73 12 88 79
1 73 4 11 67 98 14 81 55 12
63 53 47 4 33 71 12 11 30 77
91 11 33 60 15 63 71 93 73 21
88 43 100 53 57 87 47 60 22 12
63 98 100 29 73 91 77 88 68 4
91 76 61 47 85 71 4 11 94 33
53 98 16 1 41 79 62 63 12 22
7 63 81 11 23 32 15 100 44 80
43 11 87 12 80 72 47 67 18 32
57 63 29 88 11 16 12 71 47 65
1 77 32 70 16 66 91 11 47 41
96 47 85 74 63 97 11 87 71 58
84 2 52 72 81 38 13 43 56 73
2 4 90 14 87 32 71 31 68 23
47 38 96 53 95 4 67 22 68 5
23 67 8 11 80 97 33 57 93 16
12 73 44 51 91 21 96 78 3 53
74 7 98 45 93 86 56 32 49 47
76 15 45 26 65 69 89 94 32 4
63 81 96 74 23 71 77 30 68 15
60 73 23 12 74 11 24 70 71 29
68 22 96 47 84 71 33 44 74 11
29 4 74 32 41 81 73 67 78 69
30 6 63 47 86 91 73 40 15 56
25 16 22 91 26 39 70 63 78 10
61 85 32 71 68 47 11 65 44 22
7 44 11 39 74 71 32 95 63 47
79 47 40 16 15 74 73 67 60 72
100 81 30 37 15 13 22 33 44 17
25 63 5 91 12 74 29 39 71 43
60 11 73 63 30 12 90 78 71 46
8 7 63 73 11 44 5 77 68 32
47 11 15 94 22 60 84 23 63 44
96 4 22 5 65 62 44 11 47 54
93 88 100 94 37 41 73 13 77 91
67 2 85 3 91 12 68 63 47 52
26 95 6 81 23 14 63 91 41 12
73 44 91 11 85 47 5 15 71 43
19 23 69 75 81 70 92 43 2 100
91 47 12 35 43 15 32 78 13 59
41 44 75 80 67 11 29 46 87 2
66 96 91 58 4 83 73 20 11 29
48 47 11 12 96 16 22 91 67 71
7 5 74 14 11 78 47 33 54 44
96 16 18 81 74 33 60 87 58 44
36 29 33 11 95 14 49 4 81 25
89 84 67 11 61 70 62 52 45 10
67 11 87 4 62 77 22 23 41 63
16 27 23 15 91 25 21 40 35 68
11 21 96 77 18 4 12 73 33 29
13 78 67 91 44 30 69 63 33 42
11 49 67 96 91 32 25 63 16 73
25 43 11 56 84 45 33 63 98 73
6 80 51 41 74 15 11 44 87 61
89 11 16 51 15 77 70 46 21 63
33 25 70 31 19 4 1 22 62 15
54 60 77 33 55 74 32 71 39 68
7 4 81 62 46 61 77 93 30 40
84 12 14 30 46 26 15 22 58 19
6 39 84 81 26 80 23 24 42 75
75 15 50 95 61 63 33 38 41 58
60 74 86 23 38 5 46 1 22 51
84 29 98 4 95 73 13 27 71 70
84 7 87 81 30 14 50 93 42 98
76 69 44 38 4 63 68 11 84 27
91 50 62 47 66 32 73 44 15 88
7 21 75 37 82 53 44 91 29 5
89 76 70 23 63 45 47 44 49 71
81 22 61 87 43 73 33 52 40 24
91 61 85 56 47 71 93 83 73 22
21 56 12 7 71 23 11 47 44 78
69 6 50 7 14 49 35 21 42 28
94 33 11 12 68 42 71 56 96 19
32 16 63 15 69 47 77 11 79 58
77 86 2 30 91 46 44 11 32 63
63 79 23 71 61 91 60 15 33 77
66 22 83 7 91 47 12 85 43 15
75 69 22 91 68 86 12 74 36 11
96 23 93 73 33 81 21 40 2 61
57 75 14 22 74 43 63 11 58 87
72 85 67 56 96 11 63 15 41 71
13 4 46 67 54 65 11 73 15 47
11 61 95 63 2 16 13 91 73 44
80 85 86 97 36 23 11 73 4 72
23 41 61 63 88 47 77 45 4 19
55 40 13 43 88 4 45 24 73 12
25 11 81 98 87 55 68 22 46 12
77 67 91 33 80 73 25 95 11 68
96 30 91 12 11 63 93 33 77 73
63 39 7 44 81 87 12 41 11 73
25 4 47 11 52 17 63 59 5 44
25 96 58 85 21 71 82 36 62 3
7 47 21 96 32 57 12 63 4 52
89 91 81 51 49 33 3 74 66 32
60 92 11 67 61 73 47 68 71 22
7 97 86 68 91 47 88 44 52 45
84 25 73 20 74 32 41 22 13 63
88 48 68 43 63 87 15 71 11 12
91 86 61 11 30 60 29 56 35 22
4 15 7 73 84 20 10 29 53 58
67 46 88 89 85 22 71 11 32 73
33 67 1 91 21 44 11 26 71 63
25 39 11 63 40 23 85 71 70 15
87 26 94 37 68 47 24 55 39 12
25 41 4 15 63 77 22 51 12 45
11 84 30 91 96 68 29 52 73 54
61 6 33 41 93 8 87 88 71 40
47 41 96 63 21 46 11 81 12 22
97 24 13 20 26 11 74 61 45 71
82 11 32 86 87 74 71 63 68 20
7 96 21 9 5 30 36 85 4 32
25 44 11 97 15 71 74 77 30 4
46 88 75 71 68 18 70 73 67 44
30 82 47 79 63 32 51 71 87 12
48 24 61 12 11 85 97 23 41 74
6 19 25 85 43 39 66 86 96 45
87 44 76 12 4 47 68 69 14 32
61 69 73 51 63 43 4 12 15 22
43 95 47 91 33 11 32 22 16 12
25 7 1 16 80 43 71 57 88 79
16 47 33 29 77 11 15 21 12 44
56 71 16 82 47 85 4 83 12 63
89 54 6 67 12 47 11 13 63 4
85 1 26 4 19 33 87 8 14 63
96 41 21 23 67 73 77 86 71 97
11 12 47 61 85 33 7 29 65 74
33 96 22 87 84 38 4 77 5 52
49 43 11 19 1 63 30 68 88 12
4 66 71 47 96 81 12 68 88 13
29 7 62 70 33 4 10 54 19 88
79 71 5 59 41 12 40 70 11 96
63 77 74 12 7 32 52 23 43 11
47 79 12 55 67 73 87 11 88 80
13 62 15 11 2 29 86 73 23 30
61 23 12 47 15 8 44 22 74 68
11 20 56 35 78 30 12 39 77 7
7 81 30 67 49 1 11 63 58 46
85 14 72 23 93 34 11 33 15 22
96 11 84 32 71 30 2 60 63 46
11 5 77 12 68 95 100 63 47 58
4 43 30 71 100 23 33 8 22 44
61 30 81 71 56 73 33 5 13 63
56 100 14 87 4 11 81 33 61 73
6 46 84 98 56 17 11 49 37 94
82 94 87 12 47 91 4 63 15 52
72 81 11 30 68 91 14 94 71 22
79 32 60 33 75 47 91 65 30 3
47 11 43 12 4 89 77 27 18 88
74 58 13 94 16 47 12 68 91 41
23 63 72 60 71 47 58 15 34 5
11 7 63 15 67 47 71 84 52 46
64 1 8 63 4 100 70 29 9 85
19 83 21 89 11 63 78 44 91 74
2 20 63 11 73 87 17 78 41 32
82 86 74 12 47 15 73 71 76 51
12 30 80 87 51 49 6 73 66 68
23 26 89 49 81 16 33 4 30 45
13 39 32 25 12 44 47 77 4 71
91 83 81 66 4 71 56 11 33 63
59 48 14 80 91 10 12 88 71 15
79 96 66 47 44 65 53 4 14 52
41 31 9 11 74 10 12 91 68 71
22 47 68 44 82 63 41 74 54 46
33 47 84 12 63 68 2 77 15 73
46 80 20 56 85 37 17 54 50 14
6 47 27 74 67 12 91 44 62 41
7 8 52 91 85 4 78 18 37 11
11 63 5 13 58 74 71 36 67 52
21 11 12 89 16 43 50 80 95 91
40 47 71 11 4 93 15 97 1 22
74 67 68 21 14 39 12 91 63 52
7 6 50 96 25 67 13 35 89 60
12 61 14 71 84 87 50 45 23 73
77 39 47 30 11 14 95 10 91 44
49 51 33 15 25 98 63 68 11 37
2 6 70 78 41 23 26 94 53 7
82 95 96 26 71 29 8 72 4 98
95 98 74 60 52 81 11 71 41 22
32 34 87 12 15 47 91 71 86 57
78 10 63 96 74 11 43 73 30 68
93 69 4 11 47 91 76 62 12 63
79 13 73 29 7 81 11 21 52 62
85 82 52 47 5 22 48 93 24 74
11 68 32 6 39 81 63 61 54 12
12 87 85 15 71 23 11 63 91 52
33 88 84 14 40 12 4 15 46 77
5 35 73 23 68 49 85 41 72 11
64 2 84 12 11 91 32 100 71 41
80 60 74 56 94 77 65 41 12 45
21 79 7 40 16 95 43 91 87 22
47 78 91 71 9 63 23 11 42 5
43 63 69 68 91 56 44 85 51 38
41 7 91 84 24 22 56 27 77 23
16 81 49 87 8 98 72 94 43 13
96 74 23 84 22 47 87 20 11 80
11 21 95 77 51 93 62 47 41 60
87 32 11 12 84 65 91 29 47 67
21 47 81 41 92 2 5 38 29 83
76 2 30 87 47 11 14 77 12 44
89 91 65 63 87 58 77 22 75 12
61 12 14 28 69 6 35 79 96 41
11 63 30 91 67 12 75 47 29 84
61 69 8 11 91 60 77 68 63 73
7 88 95 72 78 75 84 12 47 66
4 96 84 61 73 67 10 5 97 24
42 4 67 15 51 11 63 71 38 81
6 76 4 44 41 68 11 63 39 16
69 21 43 73 47 93 23 74 16 2
63 12 68 78 71 15 96 33 52 11
6 67 47 88 63 11 91 22 15 41
5 45 14 68 12 63 33 97 52 38
82 23 41 76 5 87 22 11 91 12
20 19 97 65 39 98 37 3 84 56
21 94 4 19 44 58 68 33 45 81
61 41 40 30 60 42 86 2 87 68
98 83 4 79 12 5 23 63 22 71
85 100 73 19 11 47 12 87 22 51
63 68 13 87 79 91 39 67 16 32
11 6 81 15 87 22 91 33 100 78
81 9 68 52 91 63 99 12 74 17
91 22 48 68 80 72 71 47 44 63
27 40 2 7 93 63 86 29 21 65
57 32 43 45 11 15 4 47 71 51
32 12 9 77 63 91 43 73 30 11
1 61 52 84 20 51 78 79 63 43
25 36 16 11 5 50 9 18 56 10
1 10 86 22 51 16 37 83 14 65
62 74 52 11 76 91 12 22 44 87
23 68 15 63 91 36 71 42 41 22
72 12 37 84 9 32 41 33 15 11
7 63 81 47 4 87 12 5 52 15
63 8 89 1 81 86 52 91 73 24
38 32 77 96 11 12 47 67 68 33
75 19 14 29 71 9 91 41 47 44
61 72 8 23 63 44 47 91 32 62
43 12 79 95 13 56 4 91 16 11
78 76 11 74 16 15 83 13 47 98
44 33 73 89 78 14 47 11 63 68
6 77 63 46 16 4 12 11 94 44
47 86 12 4 68 60 67 41 46 15
41 44 92 21 32 73 47 5 84 88
24 84 23 45 88 93 91 28 63 85
29 96 73 38 23 71 87 15 91 52
13 30 71 84 77 38 91 68 54 31
85 32 4 87 80 61 51 41 19 74
33 61 73 46 67 76 91 23 11 51
34 46 74 48 88 71 29 4 63 91
57 21 12 63 11 71 95 4 74 22
2 9 4 88 19 23 75 73 22 65
8 59 50 47 85 73 38 91 63 68
81 60 7 91 21 11 12 74 41 29
75 52 8 69 73 63 14 11 30 71
94 29 12 97 41 4 57 77 47 44
96 41 14 6 1 26 21 60 2 57
92 15 63 91 11 4 12 73 33 47
54 50 26 8 10 56 35 2 24 12
14 8 84 11 81 71 23 67 63 30
76 89 63 47 87 86 56 11 68 44
5 83 91 15 1 33 94 68 64 73
70 47 25 88 12 51 4 11 29 22
95 88 14 22 47 42 85 11 56 9
68 89 24 83 18 78 4 44 54 16
8 5 42 39 91 43 11 12 4 15
91 12 71 68 63 4 87 11 32 43
5 73 35 44 87 32 11 91 33 51
45 84 77 20 26 4 12 51 73 10
67 42 35 7 9 28 82 57 26 21
16 28 6 91 11 65 47 29 4 95
68 25 90 44 67 14 41 19 88 12
91 11 83 88 68 8 62 21 45 47
78 12 48 21 33 60 23 95 58 61
73 7 68 91 47 76 98 67 44 60
7 23 75 94 76 81 37 69 45 36
