42 57 15 11 31 36 75 88 82 25 
51 96 11 25 100 29 7 28 22 79 
8 96 83 11 28 44 39 65 31 9 
51 88 83 61 5 37 29 57 27 81 
99 61 42 1 88 33 23 5 39 25 
42 8 61 70 95 97 30 20 28 88 
51 7 88 33 36 28 30 64 9 81 
51 81 90 6 69 28 88 11 31 41 
42 88 5 37 38 2 100 64 28 40 
2 11 13 9 12 15 89 92 31 54 
53 92 64 62 81 41 88 11 31 38 
50 7 88 78 22 38 77 25 43 49 
31 55 28 11 13 88 75 19 61 41 
51 59 90 6 81 92 35 97 27 15 
42 46 88 90 15 84 94 40 91 5 
52 8 96 28 32 81 12 79 56 86 
93 50 89 92 31 12 38 40 4 35 
50 15 8 96 85 59 12 31 38 28 
55 10 1 31 56 86 8 28 97 23 
46 64 28 5 61 95 12 44 10 90 
19 28 89 9 55 95 36 71 5 66 
51 57 31 13 35 88 81 24 63 14 
18 53 91 27 1 31 8 38 37 32 
81 13 51 94 4 88 10 12 64 14 
51 93 77 28 100 23 11 40 4 5 
17 82 7 42 28 61 31 14 88 12 
71 93 55 81 94 5 31 28 30 12 
88 42 38 7 97 37 1 62 33 12 
93 7 32 37 89 64 38 54 98 33 
81 11 42 64 40 13 31 68 97 88 
51 7 93 13 77 15 38 92 28 12 
51 88 5 70 57 84 62 97 9 94 
58 8 88 79 26 31 52 10 12 15 
42 90 6 88 84 1 14 54 31 96 
19 11 52 12 73 77 28 6 85 32 
42 35 96 22 77 7 88 10 81 14 
50 58 31 5 15 38 75 40 22 11 
19 50 37 88 5 28 3 15 12 71 
45 51 58 97 81 28 13 8 56 64 
51 28 88 75 90 70 10 94 31 13 
42 7 97 88 94 22 12 34 38 3 
70 50 95 92 88 71 8 15 24 12 
52 64 11 96 37 77 88 26 95 74 
22 6 88 64 9 18 79 97 12 42 
31 42 15 7 78 69 11 35 88 92 
42 13 96 31 36 79 88 100 37 28 
19 50 7 12 88 3 84 15 9 39 
51 80 88 57 79 11 22 36 31 30 
42 64 11 59 5 38 12 41 70 14 
95 34 51 56 57 11 99 94 82 88 
68 51 58 28 38 77 5 89 41 13 
43 98 1 92 31 22 7 88 14 97 
53 57 88 14 5 93 25 28 1 99 
46 51 22 5 97 84 57 88 79 14 
45 42 96 57 5 8 89 24 32 14 
49 31 81 61 7 12 95 24 77 39 
31 99 49 94 5 14 27 88 97 16 
52 93 7 32 66 11 12 84 28 77 
14 43 89 79 31 20 9 64 6 94 
45 64 7 82 61 12 57 96 95 25 
51 85 8 10 57 22 91 96 31 26 
42 98 32 31 11 12 81 37 8 24 
91 49 13 28 64 97 31 9 94 27 
18 66 51 32 70 96 65 7 56 37 
88 43 100 57 90 19 64 96 5 69 
88 53 16 97 71 77 9 14 100 6 
31 13 28 24 9 89 4 20 40 54 
82 50 13 17 28 97 4 22 91 92 
44 96 35 38 5 25 88 40 79 24 
46 75 90 85 14 28 22 12 5 62 
42 32 28 15 88 38 23 5 60 35 
46 63 69 8 99 93 51 68 28 9 
70 94 51 12 81 92 38 85 41 31 
46 64 70 88 26 31 75 1 38 15 
52 90 13 31 88 12 77 30 4 71 
44 78 36 5 31 9 97 11 80 88 
50 67 31 71 28 4 30 9 6 22 
51 9 6 68 69 71 31 12 30 28 
50 96 22 79 26 7 91 12 59 31 
58 10 3 22 52 28 4 15 88 30 
96 51 88 15 21 81 29 8 31 83 
55 64 70 14 8 28 82 56 26 3 
51 88 61 84 97 85 7 77 24 71 
46 57 24 28 7 94 12 53 31 15 
64 51 15 93 27 83 28 100 91 5 
46 50 64 12 24 70 10 92 7 89 
51 19 88 46 31 62 82 8 86 79 
43 57 31 88 96 8 86 33 21 59 
46 19 65 6 31 29 97 14 25 88 
13 42 19 92 28 9 81 88 22 97 
46 95 11 5 88 28 3 93 31 38 
15 88 45 77 86 65 12 4 13 28 
42 7 31 88 94 62 28 33 92 4 
6 81 51 9 31 36 82 65 88 28 
57 28 55 3 26 22 31 94 62 9 
51 5 88 90 31 100 61 86 24 92 
78 42 28 5 81 4 27 38 15 77 
42 70 14 7 97 35 13 77 88 66 
42 95 7 39 70 28 12 11 9 92 
51 65 92 7 71 9 95 70 31 30 
43 29 61 5 98 88 81 28 22 86 
61 88 42 16 5 17 64 18 73 50 
42 93 8 40 88 38 28 26 94 12 
55 77 81 39 31 64 88 35 8 16 
42 52 8 82 9 65 28 13 100 37 
96 51 7 81 14 85 29 9 37 35 
55 5 64 9 28 70 92 11 31 26 
12 91 7 52 84 14 90 94 30 40 
54 64 28 41 97 5 24 86 92 3 
54 10 88 28 57 8 68 84 77 95 
50 5 35 71 57 1 30 28 15 61 
51 67 13 61 24 28 88 1 38 65 
74 57 51 34 4 5 14 40 1 38 
51 88 21 70 9 5 10 31 79 11 
49 26 12 28 61 11 81 68 34 6 
47 28 57 96 80 13 95 88 92 71 
14 82 64 5 21 51 31 11 30 97 
42 31 7 30 94 88 4 22 92 12 
55 81 61 28 92 5 9 88 14 94 
37 97 87 40 5 51 9 31 71 61 
51 28 88 64 24 81 11 77 22 7 
37 82 51 97 89 31 5 81 13 80 
50 98 7 9 31 28 12 97 30 38 
46 88 64 94 8 37 77 28 4 12 
42 90 65 13 28 85 40 11 92 81 
51 46 44 84 97 35 28 13 4 25 
19 85 50 8 97 22 31 96 28 36 
42 88 70 6 64 21 14 41 35 18 
53 51 18 64 8 89 77 31 96 12 
46 96 89 8 57 31 4 35 28 15 
7 14 51 59 88 90 27 94 77 75 
46 11 31 12 71 30 8 88 57 7 
51 81 61 8 67 11 31 56 100 41 
42 70 85 81 12 32 9 7 37 66 
65 51 98 37 11 12 29 8 57 91 
28 18 39 88 42 71 7 12 97 94 
97 7 42 28 88 14 94 12 86 53 
88 54 10 36 12 64 79 62 31 75 
43 88 31 32 68 12 97 5 30 94 
50 71 31 95 88 13 28 65 37 14 
93 69 28 4 8 11 50 9 88 94 
19 83 43 81 89 88 51 86 5 31 
50 9 88 7 31 84 71 38 57 4 
52 5 89 10 32 34 28 70 61 96 
80 60 74 56 38 51 71 26 84 28 
51 78 19 7 14 41 38 33 1 26 
47 78 71 51 61 46 31 28 1 37 
42 7 70 26 89 95 30 90 15 31 
55 12 31 88 64 93 22 95 94 1 
31 42 68 81 20 6 96 28 97 83 
51 96 5 17 10 31 28 61 9 38 
98 51 79 7 100 31 9 28 88 30 
51 19 8 74 28 81 3 89 95 83 
42 89 68 88 44 52 31 2 70 11 
28 42 91 5 82 22 74 31 12 65 
9 51 13 82 75 28 11 61 56 69 
11 82 53 88 86 5 62 24 1 22 
31 83 4 45 7 15 40 17 88 95 
42 28 43 46 15 31 22 86 91 77 
42 46 84 87 12 65 17 4 30 88 
51 11 35 28 78 6 79 97 22 31 
97 98 92 54 57 7 37 89 9 33 
91 51 28 79 90 5 19 9 15 26 
8 17 50 24 83 4 31 12 29 85 
75 8 64 18 10 46 15 86 88 28 
54 5 81 83 39 38 28 3 11 86 
64 31 85 15 92 49 11 4 12 5 
50 8 61 38 31 88 75 94 84 1 
92 5 42 70 22 2 11 88 93 31 
16 22 70 28 51 46 92 87 82 13 
44 5 12 70 59 14 11 35 37 26 
8 31 15 96 55 91 30 9 64 4 
42 9 7 99 34 37 28 33 74 66 
8 15 55 57 70 22 62 71 28 68 
