92 73 88 19 79 6 51 36 39 94
18 46 51 58 95 10 9 59 11 90
45 42 51 49 50 43 55 47 53 48
70 42 8 95 12 1 56 30 40 66
42 57 15 11 31 36 75 88 82 25
51 96 11 25 100 29 7 28 22 79
90 70 26 79 91 24 43 73 41 20
8 96 83 11 28 44 39 65 31 9
51 88 83 61 5 37 29 57 27 81
99 61 42 1 88 33 23 5 39 25
54 42 51 50 55 49 44 53 45 46
45 58 92 35 91 5 34 71 38 81
82 44 29 66 6 28 91 97 27 79
97 46 83 71 28 38 34 7 58 24
59 12 74 68 31 66 53 6 71 38
42 8 61 70 95 97 30 20 28 88
19 46 30 34 31 99 81 91 65 68
46 24 81 77 51 40 60 26 86 18
51 7 88 33 36 28 30 64 9 81
27 48 21 90 55 97 16 15 86 63
50 3 94 22 84 9 61 81 14 11
46 13 98 69 28 9 79 81 88 66
51 81 90 6 69 28 88 11 31 41
23 79 35 22 46 14 19 81 15 7
42 88 5 37 38 2 100 64 28 40
25 57 63 87 15 51 65 23 22 41
67 72 61 34 95 50 15 98 73 75
2 11 13 9 12 15 89 92 31 54
46 38 97 28 7 15 92 57 2 35
69 72 14 5 16 17 66 77 54 32
53 92 64 62 81 41 88 11 31 38
50 7 88 78 22 38 77 25 43 49
88 42 5 94 46 58 66 40 78 61
26 43 9 35 68 13 65 11 28 91
31 55 28 11 13 88 75 19 61 41
51 58 98 64 5 97 71 30 79 10
16 92 89 18 17 22 15 69 90 97
51 19 90 22 27 8 89 36 96 38
51 59 90 6 81 92 35 97 27 15
42 46 88 90 15 84 94 40 91 5
49 31 79 35 21 6 83 91 81 18
36 53 9 19 88 5 42 79 58 39
52 8 96 28 32 81 12 79 56 86
93 50 89 92 31 12 38 40 4 35
51 97 19 13 81 9 30 28 11 31
50 15 8 96 85 59 12 31 38 28
39 44 88 98 11 4 36 13 31 23
55 10 1 31 56 86 8 28 97 23
46 64 28 5 61 95 12 44 10 90
19 28 89 9 55 95 36 71 5 66
97 93 43 8 31 79 36 30 37 1
51 57 31 13 35 88 81 24 63 14
18 53 91 27 1 31 8 38 37 32
81 13 51 94 4 88 10 12 64 14
51 93 77 28 100 23 11 40 4 5
17 82 7 42 28 61 31 14 88 12
71 93 55 81 94 5 31 28 30 12
46 8 71 81 32 31 15 92 61 1
88 42 38 7 97 37 1 62 33 12
90 42 13 22 94 52 10 69 46 12
93 7 32 37 89 64 38 54 98 33
81 11 42 64 40 13 31 68 97 88
52 70 97 5 91 92 35 31 80 37
51 7 93 13 77 15 38 92 28 12
63 88 23 33 42 41 45 78 93 75
53 61 20 82 96 84 58 93 7 21
51 88 5 70 57 84 62 97 9 94
58 8 88 79 26 31 52 10 12 15
42 90 6 88 84 1 14 54 31 96
25 44 10 95 31 13 92 67 81 91
52 6 58 81 44 28 65 3 90 13
19 11 52 12 73 77 28 6 85 32
42 46 45 16 67 28 33 36 75 15
46 57 13 38 15 1 87 21 70 68
42 35 96 22 77 7 88 10 81 14
50 58 31 5 15 38 75 40 22 11
26 36 65 8 54 71 22 88 79 14
53 83 4 75 61 41 79 40 88 32
19 50 37 88 5 28 3 15 12 71
42 94 61 75 12 48 41 77 18 2
45 51 58 97 81 28 13 8 56 64
76 27 25 52 35 61 75 62 13 11
46 88 90 13 81 19 92 71 31 64
51 28 88 75 90 70 10 94 31 13
98 46 11 6 12 95 71 10 31 64
42 7 97 88 94 22 12 34 38 3
95 9 4 52 35 27 71 83 92 7
70 50 95 92 88 71 8 15 24 12
96 38 33 35 77 45 40 100 81 22
9 19 49 96 71 42 74 12 31 13
58 1 6 85 98 67 24 26 42 81
52 64 11 96 37 77 88 26 95 74
19 81 97 46 54 57 22 5 11 35
79 61 6 50 14 84 24 92 9 77
22 6 88 64 9 18 79 97 12 42
90 68 58 88 46 51 65 13 54 38
31 42 15 7 78 69 11 35 88 92
96 50 69 91 5 79 57 36 30 14
19 57 81 59 86 46 16 37 94 9
46 13 12 25 14 7 40 57 17 77
55 16 5 41 61 14 27 25 68 33
42 13 96 31 36 79 88 100 37 28
19 50 7 12 88 3 84 15 9 39
51 80 88 57 79 11 22 36 31 30
82 50 5 12 30 79 9 29 71 92
30 51 46 79 95 70 65 75 9 83
42 64 11 59 5 38 12 41 70 14
55 97 12 84 7 91 79 4 22 30
95 34 51 56 57 11 99 94 82 88
13 28 27 94 49 66 99 75 9 17
23 13 98 97 56 71 9 55 79 29
50 9 98 19 35 11 12 73 60 7
68 51 58 28 38 77 5 89 41 13
52 13 10 79 88 75 28 4 92 71
43 98 1 92 31 22 7 88 14 97
44 40 31 49 97 20 19 29 89 64
57 95 45 79 62 31 71 5 97 35
45 91 64 13 23 4 94 32 96 79
53 57 88 14 5 93 25 28 1 99
71 82 95 28 37 34 46 81 8 88
51 71 57 9 96 11 19 31 55 79
46 51 22 5 97 84 57 88 79 14
7 90 44 94 40 45 11 97 15 77
32 70 30 60 47 17 31 12 97 15
51 13 11 31 71 79 30 9 97 28
45 42 96 57 5 8 89 24 32 14
19 52 94 18 79 11 31 36 28 22
49 31 81 61 7 12 95 24 77 39
54 62 61 82 24 5 4 37 29 74
75 46 90 8 31 57 9 10 62 77
53 19 64 28 57 52 94 40 31 60
8 44 82 36 65 79 97 31 27 54
31 99 49 94 5 14 27 88 97 16
52 93 7 32 66 11 12 84 28 77
91 45 14 60 96 79 90 12 13 22
14 43 89 79 31 20 9 64 6 94
45 64 7 82 61 12 57 96 95 25
51 85 8 10 57 22 91 96 31 26
42 98 32 31 11 12 81 37 8 24
91 49 13 28 64 97 31 9 94 27
18 66 51 32 70 96 65 7 56 37
88 43 100 57 90 19 64 96 5 69
3 18 34 43 74 84 9 13 17 60
64 45 75 96 57 11 82 86 97 9
88 53 16 97 71 77 9 14 100 6
83 47 88 74 46 6 36 19 28 86
31 13 28 24 9 89 4 20 40 54
51 13 1 71 11 32 98 58 5 94
61 7 46 35 81 91 71 9 79 92
82 50 13 17 28 97 4 22 91 92
42 70 65 8 81 45 35 92 100 79
44 96 35 38 5 25 88 40 79 24
46 75 90 85 14 28 22 12 5 62
42 32 28 15 88 38 23 5 60 35
9 53 82 79 12 33 97 27 77 8
46 45 58 59 20 24 94 54 88 89
46 63 69 8 99 93 51 68 28 9
46 9 92 99 8 31 12 30 14 77
42 82 27 19 71 31 14 12 30 78
46 43 78 21 30 4 92 11 82 88
70 94 51 12 81 92 38 85 41 31
46 64 70 88 26 31 75 1 38 15
51 65 34 91 22 84 93 11 36 71
6 40 39 55 15 97 85 83 30 1
4 51 46 97 12 74 79 36 14 16
42 9 96 35 65 11 81 88 16 34
42 7 58 96 95 84 71 86 38 14
52 90 13 31 88 12 77 30 4 71
55 22 93 13 11 37 9 31 32 38
44 78 36 5 31 9 97 11 80 88
93 88 100 27 53 37 13 35 91 97
50 67 31 71 28 4 30 9 6 22
51 9 6 68 69 71 31 12 30 28
26 17 78 37 9 16 14 51 64 83
50 96 22 79 26 7 91 12 59 31
43 13 83 89 57 97 18 78 37 15
28 7 97 46 99 22 70 71 93 40
46 12 56 65 9 97 94 24 40 5
18 96 9 87 94 30 65 7 4 34
46 31 64 91 8 94 28 37 77 62
95 62 88 60 11 36 19 47 97 33
70 64 79 33 22 30 5 91 50 38
42 44 96 91 6 30 59 79 28 12
46 65 70 71 11 69 22 36 91 9
42 4 82 58 10 13 40 32 22 15
58 10 3 22 52 28 4 15 88 30
46 13 89 71 31 84 77 32 12 97
45 97 61 94 68 8 38 28 91 79
96 51 88 15 21 81 29 8 31 83
55 64 70 14 8 28 82 56 26 3
43 19 50 73 72 12 30 79 92 32
51 88 61 84 97 85 7 77 24 71
46 57 24 28 7 94 12 53 31 15
42 93 97 95 82 9 58 56 12 81
91 94 31 50 81 33 30 28 13 12
70 55 14 65 80 91 7 22 77 69
52 98 64 7 83 38 32 94 40 60
51 6 98 45 83 65 70 7 35 1
3 85 97 37 80 5 59 47 74 90
51 83 79 59 81 30 100 91 65 23
64 51 15 93 27 83 28 100 91 5
46 50 64 12 24 70 10 92 7 89
51 19 88 46 31 62 82 8 86 79
91 50 62 9 34 10 61 97 22 13
43 57 31 88 96 8 86 33 21 59
46 19 65 6 31 29 97 14 25 88
13 42 19 92 28 9 81 88 22 97
70 46 38 31 97 12 8 22 79 9
46 19 94 79 11 95 40 81 69 14
46 95 11 5 88 28 3 93 31 38
46 81 77 61 95 92 25 2 8 63
15 88 45 77 86 65 12 4 13 28
25 42 46 9 58 38 28 4 79 96
42 7 31 88 94 62 28 33 92 4
6 81 51 9 31 36 82 65 88 28
57 28 55 3 26 22 31 94 62 9
60 31 43 68 37 97 53 34 84 61
42 23 71 38 92 7 82 90 34 77
98 82 51 49 46 91 88 26 83 19
51 5 88 90 31 100 61 86 24 92
55 40 13 61 84 94 36 81 69 71
78 42 28 5 81 4 27 38 15 77
46 64 19 54 24 35 7 88 36 94
42 70 14 7 97 35 13 77 88 66
96 59 22 9 88 46 90 5 10 57
42 95 7 39 70 28 12 11 9 92
51 65 92 7 71 9 95 70 31 30
42 58 7 69 19 62 14 12 57 1
42 92 97 13 40 89 10 77 32 23
43 29 61 5 98 88 81 28 22 86
61 88 42 16 5 17 64 18 73 50
5 48 97 71 53 67 9 47 21 57
46 42 43 82 95 65 74 9 58 22
61 45 83 30 5 35 9 71 24 88
8 46 92 38 37 83 91 4 81 36
42 93 8 40 88 38 28 26 94 12
55 77 81 39 31 64 88 35 8 16
42 97 9 28 19 13 4 12 92 71
8 19 42 88 95 38 35 81 30 20
42 52 8 82 9 65 28 13 100 37
55 57 5 92 88 27 32 70 41 79
96 51 7 81 14 85 29 9 37 35
43 48 93 98 31 34 88 91 35 28
45 11 68 8 38 81 39 9 19 92
50 68 23 84 98 11 99 38 64 75
42 27 78 88 13 81 22 9 71 32
97 42 25 57 62 27 8 93 88 82
55 5 64 9 28 70 92 11 31 26
93 82 88 61 34 17 5 42 19 86
42 84 95 45 6 9 11 28 74 33
51 98 35 68 100 75 18 3 7 4
12 91 7 52 84 14 90 94 30 40
54 64 28 41 97 5 24 86 92 3
54 10 88 28 57 8 68 84 77 95
50 5 35 71 57 1 30 28 15 61
45 98 13 81 31 20 36 83 88 23
51 67 13 61 24 28 88 1 38 65
74 57 51 34 4 5 14 40 1 38
37 9 27 42 10 82 28 63 13 12
51 88 21 70 9 5 10 31 79 11
42 77 94 97 46 19 1 71 11 81
83 42 68 90 58 40 88 97 13 60
49 26 12 28 61 11 81 68 34 6
45 81 88 6 70 39 64 22 36 29
47 28 57 96 80 13 95 88 92 71
71 16 7 55 79 63 35 11 42 9
14 82 64 5 21 51 31 11 30 97
51 19 9 100 13 61 31 75 38 26
42 31 7 30 94 88 4 22 92 12
46 70 11 60 100 42 9 28 79 65
55 64 28 13 77 33 39 97 70 12
46 64 70 7 27 81 10 94 32 4
55 81 61 28 92 5 9 88 14 94
46 78 8 1 88 65 16 12 86 94
37 97 87 40 5 51 9 31 71 61
51 28 88 64 24 81 11 77 22 7
37 82 51 97 89 31 5 81 13 80
47 65 68 16 9 91 28 34 13 12
50 98 7 9 31 28 12 97 30 38
52 5 23 90 75 61 37 88 34 71
19 48 5 77 81 54 39 57 36 66
46 98 5 97 36 34 94 88 22 64
58 42 8 79 88 34 9 32 30 97
46 88 64 94 8 37 77 28 4 12
43 97 37 88 8 92 96 79 40 35
99 46 40 13 28 14 38 22 71 62
42 79 70 14 8 35 56 39 32 61
79 32 85 37 81 59 42 13 71 11
53 26 95 31 98 91 71 10 9 35
42 90 65 13 28 85 40 11 92 81
50 62 13 9 24 61 92 67 91 40
51 46 44 84 97 35 28 13 4 25
19 85 50 8 97 22 31 96 28 36
64 1 8 63 4 100 91 70 29 9
28 42 36 13 96 11 77 34 12 22
99 90 53 8 6 22 59 97 40 81
98 46 65 5 10 83 33 31 9 28
42 88 70 6 64 21 14 41 35 18
53 51 18 64 8 89 77 31 96 12
91 83 17 57 31 79 97 55 62 9
35 49 88 13 95 20 26 1 9 22
46 96 89 8 57 31 4 35 28 15
7 14 51 59 88 90 27 94 77 75
42 97 78 81 28 11 68 16 27 30
46 11 31 12 71 30 8 88 57 7
51 81 61 8 67 11 31 56 100 41
85 28 22 75 34 79 53 58 9 13
42 70 85 81 12 32 9 7 37 66
65 51 98 37 11 12 29 8 57 91
43 99 58 75 14 65 91 17 79 41
24 22 68 51 60 95 13 50 54 36
46 40 91 79 81 65 31 4 90 15
28 18 39 88 42 71 7 12 97 94
51 82 57 96 8 20 58 18 78 69
97 7 42 28 88 14 94 12 86 53
88 54 10 36 12 64 79 62 31 75
43 88 31 32 68 12 97 5 30 94
50 71 31 95 88 13 28 65 37 14
70 5 42 91 71 82 14 30 36 23
93 69 28 4 8 11 50 9 88 94
19 83 43 81 89 88 51 86 5 31
50 9 88 7 31 84 71 38 57 4
46 81 68 5 85 31 73 10 94 77
18 55 15 6 13 60 41 91 37 77
52 5 89 10 32 34 28 70 61 96
80 60 74 56 38 51 71 26 84 28
51 78 19 7 14 41 38 33 1 26
47 78 71 51 61 46 31 28 1 37
42 46 63 12 67 7 65 81 13 60
38 19 13 48 40 95 88 30 77 71
16 96 13 55 18 88 38 90 3 11
97 58 79 51 12 75 13 94 32 64
42 7 70 26 89 95 30 90 15 31
77 81 41 92 13 58 85 7 54 63
89 61 92 26 46 14 100 65 17 10
53 95 3 76 27 18 48 25 47 19
57 29 55 28 31 95 8 79 22 30
55 12 31 88 64 93 22 95 94 1
84 45 59 51 94 75 88 63 35 86
13 59 88 43 55 32 37 39 83 17
61 55 79 11 82 54 30 38 40 33
42 13 70 35 59 97 30 71 9 88
31 42 68 81 20 6 96 28 97 83
49 22 70 11 53 13 65 44 88 97
52 81 4 64 12 77 94 71 6 40
45 95 99 13 52 19 65 27 22 59
5 8 68 56 7 49 98 4 38 13
51 96 5 17 10 31 28 61 9 38
48 100 94 13 72 22 11 91 66 81
42 52 10 81 90 1 14 32 8 41
98 51 79 7 100 31 9 28 88 30
51 19 8 74 28 81 3 89 95 83
42 89 68 88 44 52 31 2 70 11
28 42 91 5 82 22 74 31 12 65
81 72 9 57 45 20 97 96 12 34
91 22 32 48 7 35 71 9 81 92
93 31 45 13 37 28 91 81 38 41
25 82 61 19 42 68 26 87 11 32
9 51 13 82 75 28 11 61 56 69
11 82 53 88 86 5 62 24 1 22
62 50 40 7 89 61 77 29 14 65
12 37 84 9 8 42 92 91 61 36
31 83 4 45 7 15 40 17 88 95
46 51 65 72 90 63 19 58 14 24
42 95 96 82 7 39 97 22 94 80
19 75 23 61 5 28 42 12 99 77
46 11 83 38 96 95 33 2 75 64
42 28 43 46 15 31 22 86 91 77
55 70 38 84 11 7 34 32 77 71
42 13 90 9 14 12 26 91 34 79
42 46 84 87 12 65 17 4 30 88
51 11 35 28 78 6 79 97 22 31
51 61 65 30 99 36 85 9 95 71
24 84 80 23 74 58 45 88 93 10
97 98 92 54 57 7 37 89 9 33
37 43 7 83 41 31 75 79 89 92
42 14 96 36 61 19 88 79 6 38
82 64 9 46 96 92 50 36 21 13
34 46 74 90 48 88 29 56 39 6
96 46 64 19 23 38 91 92 69 28
91 51 28 79 90 5 19 9 15 26
8 17 50 24 83 4 31 12 29 85
75 8 64 18 10 46 15 86 88 28
54 5 81 83 39 38 28 3 11 86
46 28 82 97 84 11 93 7 74 61
64 31 85 15 92 49 11 4 12 5
54 50 26 8 10 56 35 2 24 12
50 8 61 38 31 88 75 94 84 1
92 5 42 70 22 2 11 88 93 31
5 83 43 97 76 26 94 77 38 79
6 54 88 83 64 21 16 30 79 77
51 84 13 95 53 54 97 58 61 30
79 78 31 92 58 28 45 97 66 9
5 93 46 83 10 91 79 94 66 37
5 42 95 71 97 75 46 93 79 82
42 23 98 97 71 46 9 8 61 28
58 98 96 10 84 78 95 59 19 82
81 97 70 5 46 75 26 69 82 31
75 61 46 65 9 13 84 45 20 95
16 22 70 28 51 46 92 87 82 13
46 43 44 51 53 42 49 48 50 45
44 5 12 70 59 14 11 35 37 26
8 31 15 96 55 91 30 9 64 4
42 9 7 99 34 37 28 33 74 66
42 88 76 84 44 8 29 87 37 61
8 15 55 57 70 22 62 71 28 68
51 98 13 79 32 37 82 15 38 41
98 63 75 58 31 71 42 74 65 40
42 64 93 44 67 27 5 61 82 90
