86 72 60 97 85 80 68 65 61 3 
72 81 61 70 8 65 3 99 96 92 
30 37 83 100 89 80 79 63 70 64 
99 53 84 30 69 61 71 70 97 65 
72 61 28 70 68 1 20 99 94 89 
49 64 3 70 97 94 37 15 63 72 
96 61 67 72 81 66 25 29 100 21 
73 33 100 15 62 21 1 67 68 89 
97 71 10 65 68 86 72 56 61 84 
93 62 71 100 94 72 68 64 3 61 
72 30 89 29 96 64 63 20 3 97 
3 89 62 72 61 67 1 47 55 99 
89 62 41 5 72 52 20 100 70 67 
89 100 72 3 96 65 61 98 68 1 
8 72 61 22 1 76 100 20 68 16 
72 1 88 75 63 70 61 84 17 67 
72 99 96 56 76 68 71 70 37 66 
59 18 61 88 16 71 99 70 73 76 
63 1 78 57 72 3 93 67 19 7 
71 97 86 4 67 85 62 72 48 100 
89 71 100 30 75 85 91 20 61 63 
40 96 8 67 68 72 3 100 89 85 
1 72 100 3 29 63 8 69 61 80 
49 62 81 75 97 86 84 67 38 94 
81 62 100 59 74 75 70 39 91 2 
100 72 77 11 90 8 16 39 80 62 
70 100 43 71 61 67 19 74 81 96 
93 50 43 31 94 99 70 61 72 14 
72 3 55 89 63 100 70 94 20 64 
86 63 93 64 67 71 80 99 65 3 
66 76 61 72 3 30 70 29 100 67 
72 96 11 99 81 63 64 13 48 16 
72 30 100 90 71 61 85 64 82 96 
72 28 64 1 67 89 95 99 44 3 
89 1 73 72 53 61 68 100 63 84 
72 48 91 97 67 27 100 8 62 74 
72 86 71 83 98 100 61 56 68 95 
100 70 83 74 30 94 72 14 64 78 
3 14 72 100 93 69 61 94 79 95 
67 72 94 68 8 63 81 100 28 38 
61 71 40 74 83 66 100 70 3 67 
88 74 42 76 73 61 97 33 28 65 
50 72 8 61 97 94 56 17 92 91 
61 1 96 81 66 72 99 92 8 56 
81 95 62 71 69 64 50 100 98 99 
81 97 18 72 70 1 61 4 19 74 
72 62 81 60 100 11 1 27 78 76 
89 72 64 100 65 86 43 66 1 70 
17 70 100 72 89 80 71 96 66 74 
72 43 71 81 27 16 61 67 3 84 
72 71 43 64 70 24 11 94 20 81 
14 89 72 84 77 67 61 96 74 80 
71 97 75 89 68 96 37 65 20 61 
8 78 90 64 100 65 84 3 72 68 
83 60 20 72 97 67 47 88 65 89 
37 89 14 69 3 97 61 66 68 16 
65 72 71 81 30 77 95 3 98 74 
61 72 100 89 30 46 70 79 52 43 
19 85 97 81 65 16 72 100 3 11 
2 99 70 60 89 96 8 62 10 43 
72 15 23 31 100 73 88 89 93 61 
71 56 100 61 63 79 86 68 1 9 
72 65 100 40 88 16 96 70 93 80 
61 70 100 65 81 3 1 67 30 96 
30 89 62 72 63 97 70 10 3 52 
89 64 67 65 68 100 39 98 75 1 
89 72 62 30 8 76 20 3 80 100 
67 89 18 65 1 72 62 70 3 84 
66 95 72 93 8 62 67 3 83 16 
58 62 82 81 56 96 97 67 66 74 
15 13 19 72 71 73 66 40 24 75 
100 61 72 83 42 94 70 66 74 1 
69 83 72 30 80 98 50 20 70 89 
93 79 34 62 71 65 3 18 95 9 
89 23 71 3 27 95 93 100 70 61 
17 90 61 72 71 94 89 68 3 48 
81 57 72 16 61 3 100 70 78 1 
66 72 89 100 12 28 64 3 68 70 
75 63 99 86 70 72 96 3 8 98 
89 97 67 64 65 21 70 84 96 16 
73 72 71 50 97 70 81 65 96 39 
11 55 76 97 95 92 38 70 43 94 
61 52 100 8 86 72 94 1 66 68 
83 16 72 8 68 97 66 70 3 64 
8 81 80 37 97 3 61 70 63 39 
81 8 16 62 97 3 70 72 1 20 
89 71 72 61 78 70 67 90 65 25 
40 70 72 62 97 86 65 68 15 1 
89 61 97 3 70 75 72 8 66 67 
89 8 75 70 25 43 97 66 72 33 
72 75 65 49 3 97 69 84 13 64 
89 58 80 71 99 63 84 48 68 44 
89 72 67 66 100 3 35 64 16 20 
30 72 100 65 35 96 70 84 89 29 
100 74 62 90 14 98 73 27 70 67 
68 81 47 69 72 100 71 66 75 70 
100 89 71 3 25 67 70 96 92 62 
14 40 84 78 81 20 71 98 69 72 
61 1 9 81 72 97 40 75 94 68 
5 81 97 43 68 96 17 79 66 67 
14 86 72 62 3 96 68 99 94 48 
2 71 72 83 67 80 89 65 96 82 
80 61 13 30 90 78 100 54 43 76 
66 81 74 22 68 6 72 20 10 97 
72 56 81 68 99 70 100 61 96 62 
32 70 72 68 97 21 100 93 61 62 
89 71 91 72 81 43 30 61 2 69 
64 65 9 72 1 97 3 76 75 68 
65 66 97 71 55 30 72 94 78 92 
14 71 97 68 61 100 3 81 96 16 
81 60 61 70 100 3 65 19 74 71 
14 89 71 61 67 65 97 8 93 70 
86 71 53 6 97 96 76 37 64 65 
100 7 4 80 14 72 3 71 81 64 
86 65 64 72 100 1 30 3 74 38 
72 100 61 80 81 56 43 1 84 3 
71 100 4 62 90 1 9 96 70 76 
21 3 93 68 67 86 43 16 80 81 
14 97 62 94 72 100 56 61 68 83 
61 97 70 66 89 71 49 99 72 15 
71 8 69 89 97 72 70 67 62 98 
89 71 53 92 74 65 100 61 67 3 
43 100 57 24 86 71 65 3 69 70 
63 61 47 89 10 72 96 99 84 74 
97 71 91 80 81 68 24 100 72 19 
89 75 70 30 79 100 97 3 67 20 
95 89 60 64 97 71 94 67 63 48 
72 74 68 97 89 20 10 3 65 62 
65 100 95 76 68 30 16 71 3 61 
61 71 49 80 70 97 89 93 79 62 
96 12 3 71 99 62 1 67 86 20 
4 89 95 72 61 97 65 51 23 80 
14 80 10 62 99 8 94 67 64 3 
71 97 61 69 91 48 70 77 14 78 
3 72 91 65 67 11 7 62 69 100 
72 81 96 33 86 100 92 40 83 90 
71 90 97 8 100 67 55 62 91 30 
89 100 72 9 64 97 1 69 70 82 
100 72 55 81 71 64 68 70 8 80 
45 97 61 93 71 82 67 66 68 96 
72 67 81 61 8 6 66 3 70 37 
72 61 81 16 47 100 84 3 68 71 
71 61 78 84 98 63 76 70 64 43 
89 71 62 9 65 57 70 33 100 78 
62 65 98 37 43 71 86 69 75 1 
21 81 72 66 71 100 93 61 69 1 
8 75 72 81 63 70 100 3 71 61 
4 89 62 75 72 74 100 1 15 37 
81 100 8 65 61 3 70 7 95 72 
66 3 64 71 55 75 1 100 70 79 
81 69 6 72 1 61 3 75 25 97 
81 71 3 72 62 75 1 93 64 97 
78 89 61 16 17 80 70 9 37 72 
3 70 83 44 65 75 100 61 97 94 
51 80 81 97 62 74 70 16 72 66 
70 89 88 30 3 95 100 94 64 66 
66 45 9 91 1 80 3 72 39 82 
70 3 71 100 67 64 10 14 92 33 
5 89 64 62 72 70 94 97 68 3 
70 65 78 61 99 83 53 48 68 16 
72 89 64 66 2 97 70 20 75 15 
89 68 100 71 64 40 28 66 3 1 
100 61 71 30 81 3 70 65 94 78 
42 72 21 67 1 3 62 100 71 8 
64 65 72 9 67 57 89 70 47 96 
63 42 3 72 1 61 70 27 73 100 
89 8 61 72 71 30 65 74 100 13 
72 81 38 64 66 78 74 16 99 67 
84 92 36 86 14 2 96 100 51 70 
78 71 81 22 100 66 1 61 7 74 
65 75 72 100 8 70 61 89 3 76 
33 68 42 2 72 64 100 89 28 66 
42 72 100 89 8 3 69 75 64 28 
91 62 50 9 68 81 97 73 72 20 
71 51 81 13 78 65 97 85 70 41 
89 25 70 61 8 72 3 1 63 100 
57 89 97 64 72 70 8 67 40 15 
100 67 43 16 66 89 13 10 94 3 
72 13 81 96 61 3 100 70 30 63 
78 86 97 73 51 68 43 59 76 96 
89 61 97 15 3 95 8 70 66 92 
15 89 74 9 66 99 71 72 70 3 
66 89 72 61 68 80 8 100 92 1 
72 89 64 56 93 20 65 71 67 100 
57 1 72 89 66 64 80 71 68 97 
96 20 90 97 14 72 70 62 30 9 
61 72 81 68 3 9 65 70 13 63 
89 71 80 19 64 76 1 96 72 88 
23 41 61 97 80 65 70 79 3 94 
72 81 66 11 97 84 68 18 94 20 
55 43 61 84 97 72 70 1 100 89 
71 74 61 68 89 8 63 48 99 67 
72 100 1 67 81 75 63 98 70 8 
89 63 72 91 18 20 9 97 68 61 
80 30 89 65 70 100 94 1 62 20 
8 63 95 94 81 72 3 99 98 67 
7 96 30 89 97 3 90 71 92 9 
100 8 80 88 72 71 99 68 61 3 
14 72 99 95 90 66 64 29 3 70 
80 96 61 76 8 3 70 97 47 93 
44 90 9 69 22 61 3 72 97 68 
25 1 72 62 89 99 70 3 43 65 
72 89 68 64 74 30 65 91 61 59 
48 39 97 73 3 94 70 6 95 72 
89 2 70 69 64 97 72 3 65 1 
72 97 94 64 65 96 74 71 55 11 
53 97 67 3 72 1 62 68 89 63 
71 89 62 70 76 98 48 8 19 3 
89 33 69 68 1 100 66 72 27 71 
89 3 72 16 100 33 61 68 8 80 
58 89 70 94 66 61 22 100 64 3 
72 81 40 61 67 1 100 70 30 75 
81 9 71 43 72 100 98 62 55 90 
72 75 30 90 68 63 84 96 1 64 
62 8 81 68 72 65 3 99 94 91 
97 56 94 83 68 72 63 95 86 16 
97 71 83 33 65 64 1 94 20 4 
49 100 81 66 70 72 46 95 19 64 
63 61 29 72 97 90 66 1 67 86 
74 57 95 100 71 68 89 3 72 66 
90 61 100 72 8 49 29 20 99 68 
72 89 68 67 61 95 100 3 49 65 
49 72 9 34 90 71 100 99 98 66 
72 8 64 81 9 100 3 1 65 49 
16 29 3 68 72 82 1 5 62 65 
56 70 64 100 61 21 73 3 68 17 
89 72 100 40 64 63 28 75 8 74 
62 53 72 65 70 97 80 89 30 16 
81 13 72 97 61 94 75 70 66 3 
72 89 8 96 92 3 68 15 62 99 
81 8 72 65 99 61 70 28 100 69 
79 56 61 32 67 72 99 3 10 70 
88 70 80 66 97 72 61 89 78 3 
89 3 67 30 71 100 61 74 94 1 
69 99 14 3 72 1 92 65 70 8 
89 13 96 1 43 64 20 100 3 84 
89 72 68 8 69 92 99 63 3 16 
62 81 60 71 100 80 55 75 92 70 
89 72 3 16 30 61 55 97 84 33 
89 39 61 78 62 100 72 56 64 65 
6 96 89 14 62 71 1 38 20 99 
71 65 16 95 89 88 70 97 7 74 
89 97 65 61 50 41 43 68 71 67 
72 81 65 11 97 68 86 71 75 3 
62 65 81 80 7 99 69 1 47 30 
17 62 72 86 70 92 97 27 80 68 
79 81 64 1 72 70 100 68 43 19 
56 81 70 96 98 100 66 94 79 33 
71 89 97 67 75 3 63 43 47 61 
74 6 13 72 24 61 70 68 3 88 
38 97 89 64 63 3 69 68 74 1 
79 13 29 3 85 89 97 72 100 71 
72 100 21 66 70 3 81 61 16 13 
91 1 61 71 79 70 99 20 16 69 
81 51 68 100 71 94 62 95 29 8 
62 90 72 100 8 70 53 20 65 3 
68 3 60 86 67 62 72 20 55 1 
91 97 71 59 3 43 27 66 72 69 
1 81 28 66 55 71 61 27 93 3 
3 70 100 95 72 81 68 62 94 8 
61 28 81 75 1 10 21 69 92 99 
65 21 72 75 3 89 61 41 68 49 
62 25 14 72 71 81 93 40 31 83 
94 67 93 90 71 1 9 60 77 72 
72 62 23 16 89 68 97 33 19 1 
100 72 82 70 65 62 11 67 96 10 
72 61 65 42 68 89 99 74 71 85 
15 43 97 72 65 89 8 61 70 3 
81 72 67 99 62 56 70 75 44 1 
82 80 100 67 65 3 20 64 18 94 
89 9 71 3 8 48 20 62 100 67 
93 69 28 68 89 98 71 97 61 20 
10 81 62 58 72 68 97 53 3 69 
62 89 83 20 72 61 94 71 86 95 
8 72 100 89 64 74 69 65 68 52 
89 58 97 84 70 62 72 19 71 82 
66 75 99 97 76 68 89 72 100 71 
67 81 3 72 62 74 89 16 69 94 
80 60 86 74 66 62 100 70 72 1 
47 78 71 30 67 70 5 16 100 81 
71 61 10 67 3 1 30 74 72 8 
72 65 61 3 42 93 19 89 100 67 
81 57 71 62 70 66 5 74 47 30 
97 72 80 61 99 22 96 89 9 71 
71 74 8 65 89 100 97 17 80 52 
76 2 92 56 75 68 71 100 81 65 
51 65 92 72 8 100 96 4 61 62 
29 83 48 72 62 99 70 3 1 75 
81 72 11 71 95 84 61 14 65 68 
96 89 42 73 67 97 62 16 72 66 
62 71 74 81 100 8 94 16 67 98 
65 72 59 8 69 97 61 64 83 67 
13 89 99 62 70 72 3 68 1 69 
70 50 8 99 72 65 40 86 96 61 
65 72 89 3 97 69 61 40 10 83 
6 89 70 3 30 64 65 72 100 99 
61 72 71 70 100 90 65 92 8 69 
64 71 1 89 93 72 73 96 90 83 
59 89 65 64 97 72 75 28 67 84 
61 71 72 30 70 100 20 88 62 77 
40 100 30 61 72 93 67 91 84 1 
83 72 61 70 40 99 65 96 74 13 
83 62 74 73 1 75 72 67 100 56 
68 78 74 61 89 54 27 97 20 71 
72 81 12 48 100 66 70 64 69 3 
89 72 61 71 8 12 83 65 62 69 
72 9 37 89 20 1 3 61 67 70 
91 32 68 80 67 43 93 61 14 72 
41 62 97 72 3 81 68 67 1 27 
9 32 72 81 65 100 67 20 16 3 
85 72 57 89 1 100 3 63 75 20 
62 89 7 72 78 70 100 3 33 84 
1 36 3 67 86 64 68 63 96 100 
71 89 30 69 14 62 82 98 94 65 
81 97 72 15 67 3 66 69 61 1 
75 37 14 61 92 3 100 72 70 94 
72 17 61 97 74 81 3 63 75 70 
72 8 67 96 20 51 81 80 97 94 
72 89 70 29 100 3 61 63 96 22 
81 49 100 72 9 43 64 29 8 70 
62 89 3 72 65 80 68 13 100 43 
1 6 63 100 94 64 81 80 70 72 
48 72 81 100 27 71 78 3 65 92 
81 71 97 78 8 64 74 33 66 70 
63 100 72 73 65 29 1 53 41 70 
82 78 61 65 3 89 68 9 100 71 
65 89 26 74 49 13 68 20 80 3 
86 61 49 65 72 33 68 100 75 84 
61 71 100 40 63 5 10 83 1 20 
91 51 3 72 20 61 92 66 1 100 
81 8 71 67 100 40 72 64 62 19 
33 3 72 75 99 92 68 81 98 66 
75 8 69 81 72 70 97 63 3 71 
95 83 22 30 67 97 80 58 61 91 
21 64 97 67 65 75 72 14 94 3 
89 100 84 75 10 61 71 13 70 66 
8 86 100 66 72 92 70 1 3 28 
29 71 100 81 22 70 61 80 3 67 
3 70 26 76 98 79 89 1 63 64 
64 86 68 15 69 10 99 94 66 72 
69 73 93 16 40 1 68 97 62 96 
28 73 24 65 3 86 14 61 87 100 
65 71 89 100 14 3 48 69 64 9 
83 71 40 3 84 65 68 97 20 94 
81 16 8 3 72 68 61 67 53 100 
65 89 70 71 75 64 19 53 72 100 
8 15 97 89 68 72 62 75 47 9 
65 71 90 68 97 94 81 16 66 1 
72 81 97 67 53 65 80 94 90 71 
