18 24 34 4 61 67 44 8 55 96
35 50 45 43 51 42 44 48 49 46
50 8 52 95 29 57 64 5 15 96
53 51 98 21 13 99 11 66 4 8
51 17 55 4 84 38 37 22 82 39
82 54 97 32 4 8 1 50 39 63
78 3 65 8 41 51 79 62 63 77
48 12 54 8 33 16 10 5 3 90
41 81 45 50 13 71 65 92 53 35
15 55 64 67 4 96 49 39 95 99
18 67 55 37 38 11 71 96 62 21
23 11 33 53 38 96 3 63 51 5
10 27 16 39 45 4 2 53 86 63
84 32 48 39 55 18 24 71 10 6
98 49 11 54 17 20 76 36 38 73
24 97 39 47 22 3 5 52 33 87
51 64 79 78 74 86 68 10 17 89
27 54 88 83 55 80 24 35 94 57
50 10 52 24 58 100 91 46 96 17
100 54 22 36 4 41 78 16 39 30
57 54 98 18 34 56 78 48 6 90
55 75 7 44 15 4 84 78 72 98
23 46 35 79 10 4 55 99 65 15
63 99 51 55 18 71 11 76 34 38
31 64 19 58 88 42 30 96 82 4
96 18 58 52 16 23 60 41 14 47
44 39 98 71 9 21 4 53 1 91
53 99 4 63 72 39 45 11 93 100
2 49 53 64 11 10 97 4 39 33
29 68 59 24 2 4 55 42 81 34
59 48 6 30 1 90 46 4 10 61
51 97 17 52 32 30 14 4 78 83
43 26 55 60 71 30 81 3 86 99
19 8 49 97 54 17 63 62 34 9
100 50 3 12 64 85 4 34 62 38
14 96 97 98 95 52 16 57 30 84
5 18 24 55 67 48 93 38 99 16
24 96 51 9 30 55 67 64 29 76
54 9 97 71 30 49 59 38 80 78
64 69 36 55 19 41 6 3 100 28
93 50 63 8 12 15 52 39 77 1
95 57 27 32 63 24 40 5 96 38
27 52 8 97 90 9 44 78 65 47
4 50 80 14 52 31 98 38 60 68
19 54 100 72 9 42 15 37 3 38
53 97 59 43 5 30 24 38 1 71
9 58 39 15 79 99 66 48 64 24
77 43 14 21 5 46 84 73 82 100
18 72 95 63 84 55 64 56 73 38
100 14 78 15 84 48 53 3 33 38
17 100 70 7 42 23 59 54 3 72
99 55 57 39 23 35 17 80 50 7
7 20 58 2 39 45 99 38 16 67
38 75 44 6 55 36 4 17 39 3
18 54 51 10 83 96 21 62 3 46
18 4 51 55 37 82 45 14 6 32
12 96 57 5 50 8 33 78 100 2
51 85 18 30 6 55 100 71 2 4
85 7 32 100 31 55 38 22 73 97
18 60 46 38 88 57 34 5 55 95
74 43 54 95 30 28 3 4 20 39
52 61 7 51 19 71 3 10 16 5
98 18 57 76 11 21 54 56 38 4
24 97 98 21 55 53 56 99 100 34
39 35 96 52 34 4 63 28 25 98
60 5 22 17 98 71 58 39 42 6
97 54 9 49 2 34 90 3 80 56
96 84 18 53 39 1 42 7 5 57
27 20 34 21 97 99 56 54 4 9
4 63 55 97 23 38 16 31 49 71
50 96 21 19 65 8 46 79 5 1
18 34 9 49 84 89 29 53 3 79
4 18 97 51 53 69 3 62 75 77
2 76 45 37 64 52 6 99 30 71
19 50 85 1 97 15 4 71 39 54
23 54 49 83 84 100 6 96 41 39
27 99 52 62 69 11 29 72 95 19
55 4 18 78 2 38 33 29 99 45
19 54 79 89 2 45 61 7 31 17
100 53 38 18 97 68 17 41 90 2
5 17 42 18 55 2 71 6 35 39
55 10 2 46 38 20 66 4 3 17
52 20 38 4 7 82 51 47 60 95
20 97 54 36 3 43 64 17 90 75
77 9 5 48 8 100 52 2 18 21
33 54 27 63 88 60 15 56 61 46
18 96 24 97 95 56 55 100 58 57
54 12 97 17 100 30 14 21 4 8
63 54 18 98 47 39 2 36 5 29
51 52 14 38 6 4 97 56 39 69
19 58 43 96 8 34 81 59 78 100
16 54 39 11 59 4 24 50 99 1
88 6 48 22 39 2 54 17 95 30
19 48 17 78 14 79 8 5 52 4
85 38 33 3 5 57 46 21 39 95
19 50 84 11 54 21 3 4 5 16
55 32 6 48 16 2 74 60 69 18
35 51 54 59 8 4 97 22 12 91
19 10 64 40 4 54 89 78 9 39
52 42 78 24 6 84 95 98 5 79
50 7 38 52 77 1 29 18 79 97
86 4 30 89 39 23 79 50 61 56
95 48 64 2 71 20 55 21 6 62
49 55 34 10 63 99 2 38 4 20
100 18 52 17 43 59 4 68 3 39
34 5 43 18 53 7 17 78 100 95
97 29 34 56 22 71 9 30 10 99
18 96 36 54 35 49 6 64 16 56
23 61 53 12 86 81 34 82 93 51
62 56 58 19 34 100 39 67 96 33
100 4 66 31 6 48 64 16 2 24
48 20 54 11 97 31 5 80 30 1
54 19 35 94 17 48 81 4 39 2
18 88 83 51 7 4 79 28 64 2
71 3 44 39 18 55 5 79 21 97
6 54 83 18 50 1 38 29 5 62
55 30 14 97 29 91 82 3 51 4
6 55 5 45 63 18 30 10 3 38
49 52 99 18 16 34 72 6 39 4
14 86 46 63 4 69 30 54 39 100
19 71 50 55 38 97 4 16 51 6
18 53 31 99 71 49 9 1 38 78
52 23 12 100 4 73 38 10 48 39
97 52 51 71 7 24 29 100 4 86
32 60 50 99 38 4 53 2 24 100
48 4 56 64 99 15 1 18 76 88
97 54 18 6 40 64 81 39 17 2
54 20 11 48 96 83 16 100 4 56
95 54 8 9 59 48 71 79 14 38
51 16 61 98 14 54 4 7 49 97
36 54 24 6 68 31 4 100 29 44
53 31 60 10 5 51 57 98 2 16
34 54 24 95 4 88 62 8 100 78
38 55 77 59 9 48 30 100 83 5
57 23 74 29 59 99 8 3 51 39
20 100 57 55 4 38 84 51 3 5
27 30 59 45 11 57 67 16 56 41
23 60 16 47 98 11 54 39 95 58
14 16 96 50 10 82 9 47 1 78
53 23 9 48 76 15 35 38 100 82
31 56 19 30 60 17 5 7 71 49
21 69 3 9 52 98 18 79 34 83
4 2 48 32 34 54 100 38 71 97
55 96 33 71 25 7 51 21 5 65
70 17 42 11 3 64 57 100 5 76
49 54 96 18 31 7 85 97 88 56
43 86 15 64 97 58 4 89 52 83
4 19 49 33 52 3 73 98 97 38
82 49 58 22 4 23 36 96 76 71
54 59 29 69 27 4 52 10 71 46
52 96 89 17 32 1 59 41 6 20
98 24 7 85 6 17 46 5 82 3
100 22 74 96 95 50 79 28 54 16
97 46 5 14 38 73 15 55 39 6
96 83 48 11 15 2 28 5 36 52
52 99 31 44 18 4 77 70 30 80
80 38 37 3 98 7 50 100 10 17
15 51 18 10 4 96 38 55 80 1
24 60 98 11 95 46 78 15 55 14
53 41 76 50 96 18 2 5 16 8
14 53 56 30 76 8 33 49 88 10
18 30 71 61 54 38 5 8 3 98
64 22 9 56 38 100 16 98 81 57
14 97 63 55 3 34 40 8 91 4
54 81 18 64 17 71 97 39 30 4
48 77 7 54 19 28 1 39 32 38
24 55 83 65 7 62 60 51 38 96
88 26 36 2 40 57 100 5 30 17
53 96 36 50 61 88 20 38 60 79
55 45 23 61 83 30 4 38 98 1
33 22 10 84 47 71 11 99 55 39
17 4 63 53 55 48 74 39 96 51
52 23 39 48 61 96 93 4 16 11
20 61 57 36 38 4 48 21 96 73
96 19 6 44 55 5 31 67 38 3
18 51 5 53 47 8 9 30 100 81
98 25 97 17 55 41 39 56 8 2
78 30 56 11 51 38 14 4 1 96
8 42 7 58 52 17 1 60 28 78
80 43 22 39 90 61 95 4 65 36
14 97 4 50 64 100 52 16 34 39
20 17 43 39 55 38 7 88 33 100
93 100 27 37 4 45 8 5 39 28
97 14 100 48 3 64 31 5 53 79
26 95 6 69 51 54 34 5 62 18
44 99 69 52 49 16 20 7 2 86
53 12 95 24 56 39 9 34 40 75
50 46 95 56 77 11 61 97 5 21
96 35 75 51 7 95 72 59 12 4
18 9 28 67 57 49 61 79 55 5
20 53 3 38 56 10 4 81 17 48
14 55 11 50 4 23 98 60 1 29
19 51 100 4 36 82 10 73 17 12
100 99 56 67 47 6 38 5 21 13
67 55 97 11 38 59 43 79 19 31
16 27 90 39 8 57 91 99 4 47
100 54 37 63 4 3 70 23 32 42
23 48 3 53 17 89 99 81 51 39
24 35 55 99 9 71 48 39 63 34
55 20 35 59 49 71 9 97 2 17
14 54 44 97 64 71 77 16 79 7
24 53 97 67 64 41 32 4 39 93
3 12 4 21 60 1 51 25 30 61
75 20 43 4 54 38 37 39 16 2
98 54 33 12 38 63 4 77 48 17
98 25 82 48 95 31 4 14 58 100
30 8 4 25 43 5 98 81 54 16
17 67 43 39 54 98 94 23 11 14
20 54 30 7 81 51 97 21 59 12
91 50 9 34 64 100 3 78 17 79
54 12 45 21 1 82 75 36 4 9
76 55 98 18 40 59 36 5 79 2
54 19 13 22 30 82 98 64 4 38
23 59 4 54 95 79 21 42 100 96
54 96 14 69 45 4 30 100 63 5
20 53 65 9 1 48 96 39 16 71
77 14 100 51 30 88 52 16 8 4
84 56 97 45 34 18 71 4 81 98
55 98 15 19 45 17 70 7 84 38
15 88 9 45 65 3 52 29 84 5
86 18 97 55 79 5 36 17 4 63
34 22 56 16 39 4 84 96 51 11
96 55 16 14 64 51 77 34 81 9
12 51 1 5 37 16 54 11 82 63
61 98 42 17 63 6 90 48 7 73
54 14 4 7 64 17 34 23 98 57
52 88 8 29 4 2 12 39 100 5
52 95 57 72 63 91 65 17 19 71
96 52 100 79 51 38 67 61 4 17
23 41 33 38 5 76 39 73 57 37
23 38 50 37 55 67 9 81 99 59
55 40 13 61 7 31 79 77 100 17
54 100 63 12 51 82 8 4 96 15
77 19 38 54 99 4 11 16 51 8
24 89 98 11 4 52 84 20 48 16
51 54 34 79 20 4 66 98 38 92
96 23 50 8 76 58 34 3 9 39
5 24 50 37 67 96 52 4 3 60
23 43 64 4 53 30 29 96 5 70
52 39 18 25 34 56 60 16 61 10
55 82 6 28 51 36 63 31 77 97
33 20 36 54 96 64 7 45 66 2
98 67 8 7 5 38 3 31 77 78
54 97 24 22 33 63 42 4 46 8
49 4 39 87 78 28 55 16 80 38
55 20 100 62 32 4 49 88 80 56
53 95 4 18 77 50 99 63 3 16
54 19 7 51 98 34 59 16 2 38
24 14 56 63 43 39 5 83 77 11
14 55 34 61 48 67 17 98 39 89
69 24 64 10 9 97 39 55 48 17
14 64 39 52 99 34 37 100 22 81
52 39 14 10 40 64 73 57 5 17
94 8 81 75 32 73 90 46 28 4
18 54 96 56 59 6 79 30 48 77
97 56 4 10 38 49 77 54 17 61
62 50 4 97 18 34 7 3 15 52
80 33 48 54 27 39 2 57 76 4
48 18 58 65 36 11 84 55 21 99
54 71 72 9 64 12 51 79 98 2
53 96 32 61 44 82 36 10 14 5
18 99 54 9 69 38 49 30 2 36
18 52 48 9 66 20 98 82 29 63
74 39 100 51 4 61 1 52 86 17
18 97 54 63 51 4 31 71 80 56
38 20 71 33 39 7 5 72 78 98
4 59 16 27 53 56 10 38 1 49
18 59 96 49 11 54 33 75 16 3
23 34 51 60 97 56 4 100 17 3
62 77 6 97 26 34 39 16 4 50
71 56 16 41 34 3 55 85 50 24
4 55 62 96 24 20 51 36 2 38
52 27 100 49 63 81 7 1 34 32
58 18 99 83 43 84 37 11 16 57
19 99 51 72 21 53 59 70 71 31
55 64 14 98 31 51 28 71 38 6
18 43 73 52 63 38 97 56 9 17
18 48 70 8 55 34 38 17 3 98
79 18 56 61 97 5 100 40 52 34
97 63 34 66 52 71 39 40 4 8
37 59 79 10 51 11 72 25 97 56
56 64 5 38 57 99 50 79 21 20
55 76 63 4 49 34 89 21 100 24
20 55 5 21 99 41 59 46 2 29
18 52 45 72 64 96 7 29 24 33
14 8 52 31 4 59 67 98 33 38
97 63 15 55 1 44 31 20 4 71
7 81 27 55 30 86 97 28 44 2
20 37 68 54 99 11 2 15 43 79
6 46 84 98 17 12 1 5 4 71
52 84 71 30 39 99 18 35 5 49
51 19 6 1 52 98 30 69 64 39
97 1 20 67 71 51 15 56 7 66
29 7 61 56 20 71 48 96 1 72
99 81 17 40 73 8 1 54 59 67
79 32 45 13 81 39 56 100 52 96
41 5 77 29 53 4 49 60 39 3
4 22 45 52 99 29 61 6 100 97
95 69 48 9 78 39 92 79 64 41
51 21 63 14 39 9 20 96 7 79
61 10 36 45 31 100 55 19 29 95
19 85 21 55 5 69 47 10 1 38
51 2 14 83 11 96 5 13 55 34
54 98 27 8 42 70 100 34 85 39
52 63 3 97 17 38 12 48 6 91
49 39 54 23 56 78 95 11 4 15
18 24 7 16 51 4 60 55 97 5
91 1 61 17 57 4 97 11 49 76
98 56 15 7 43 2 62 38 5 39
48 18 64 6 95 55 32 93 3 5
53 63 51 81 8 4 39 98 72 78
32 4 38 84 71 3 98 18 51 81
46 55 100 93 31 52 8 76 51 38
61 95 56 38 66 84 21 50 89 36
43 54 4 21 82 95 3 34 8 64
98 18 23 97 33 54 51 5 60 39
21 51 37 98 11 55 100 5 61 78
21 14 54 9 39 100 98 95 63 10
43 52 58 29 62 32 23 17 82 1
45 19 96 57 10 64 7 86 36 81
52 14 7 51 60 17 98 71 10 100
6 98 54 18 38 71 40 29 73 1
24 77 100 39 64 46 55 5 7 96
27 49 32 3 89 55 96 7 59 79
34 58 14 69 64 4 48 97 57 80
58 36 16 53 19 38 100 32 98 97
43 3 12 96 100 54 38 32 94 7
48 55 30 97 89 4 20 3 59 83
63 18 54 98 51 71 15 4 2 38
93 28 4 50 25 54 18 78 38 5
29 23 97 54 96 30 31 56 100 57
92 27 55 34 4 42 7 39 76 81
75 48 52 4 21 83 96 3 59 5
34 11 97 12 53 71 17 49 99 5
55 96 15 31 45 79 4 64 10 38
66 61 65 4 6 89 8 79 3 36
4 43 54 16 18 37 71 84 38 98
95 8 38 32 62 4 45 41 82 9
59 51 82 52 16 35 97 18 9 72
47 53 97 78 56 4 17 34 24 96
7 43 27 61 55 16 98 71 3 79
39 58 42 64 95 38 82 16 89 15
48 6 23 55 96 71 38 60 5 28
22 41 84 4 96 8 83 1 68 54
14 54 34 65 17 4 49 11 100 5
53 37 5 18 8 15 87 34 13 71
5 97 19 51 65 33 52 38 4 1
97 55 7 64 4 19 30 49 71 2
13 16 21 77 51 22 38 54 83 100
76 2 61 30 6 48 4 100 52 16
79 80 26 83 23 94 74 55 1 2
54 50 18 6 28 63 100 57 4 10
100 96 34 6 31 51 56 55 19 71
54 29 9 19 96 64 40 71 30 67
52 25 95 88 51 21 4 32 2 83
56 53 95 20 76 40 16 80 5 84
97 59 5 50 12 15 79 31 96 100
39 10 50 4 99 24 97 53 47 79
70 34 53 98 7 39 18 64 52 50
48 4 64 31 97 18 16 54 8 2
5 14 95 98 16 58 6 49 87 81
55 96 19 61 50 78 32 34 59 71
31 14 34 36 29 21 16 17 33 30
3 14 42 61 97 86 52 76 9 79
54 99 77 32 34 7 79 64 5 43
98 19 51 83 4 55 10 71 60 78
14 31 48 78 9 64 55 92 97 2
61 48 20 98 53 6 21 89 66 4
53 14 5 63 50 99 94 39 78 9
100 36 55 96 14 63 17 38 49 10
91 32 48 68 6 98 79 39 53 5
53 98 12 15 59 2 10 38 4 45
93 9 59 45 100 56 39 34 10 17
26 51 3 53 100 5 99 38 95 78
55 51 20 97 64 82 30 16 75 65
62 52 11 50 29 78 2 98 71 4
23 4 43 63 81 34 57 17 8 93
3 14 54 84 17 39 44 11 96 77
18 99 97 58 78 50 7 100 39 8
38 97 81 18 100 50 9 39 61 79
18 97 3 34 69 36 52 96 7 50
75 19 55 100 99 45 63 6 3 39
40 68 22 4 52 95 37 38 98 80
14 55 32 4 63 83 56 96 68 7
53 55 98 97 96 18 56 54 100 99
49 54 9 62 84 97 71 18 80 31
47 5 7 58 2 34 68 96 22 83
51 15 95 63 1 55 5 18 100 81
100 38 24 62 40 9 5 82 2 54
24 84 80 23 74 58 45 88 93 10
1 98 77 54 94 7 37 16 84 14
42 96 28 59 27 80 54 3 11 4
53 99 39 35 18 17 7 41 61 5
14 15 9 57 96 5 66 8 56 79
44 97 56 38 14 63 10 31 82 28
13 69 37 2 8 9 17 39 55 49
51 54 22 29 98 11 76 47 64 69
34 46 74 90 48 14 80 85 96 15
15 54 5 20 9 50 7 79 58 3
59 51 33 52 4 95 6 24 82 3
23 3 54 94 4 48 38 21 31 56
52 8 69 64 100 3 51 15 4 5
48 29 19 83 56 86 96 7 73 17
54 50 26 8 10 56 35 2 24 12
18 52 30 77 31 51 98 69 63 6
70 50 64 14 24 55 34 78 9 17
5 71 43 97 22 2 58 80 38 9
54 100 14 57 95 84 97 39 49 77
69 96 100 55 14 32 6 2 74 50
49 4 12 53 59 36 21 98 2 100
54 18 61 7 77 96 34 49 2 32
55 84 95 9 36 51 79 27 66 29
8 42 95 53 23 3 81 79 38 29
42 18 52 5 96 39 71 4 21 17
5 20 73 44 87 52 96 29 62 9
45 30 35 98 54 14 4 8 10 2
18 5 70 28 48 96 52 11 3 100
97 100 53 55 52 96 23 27 14 25
99 29 68 57 38 56 55 4 30 14
51 31 38 14 99 84 39 4 1 55
100 63 96 24 53 29 39 17 38 4
28 76 79 49 54 64 2 5 39 6
59 38 96 27 39 17 8 56 2 4
90 28 22 39 38 100 52 4 43 10
57 81 50 22 98 78 7 60 87 69
