83 72 6 73 11 40 70 86 58 77
46 45 51 52 50 97 43 55 98 40
17 51 98 69 86 75 83 42 93 73
54 97 56 40 42 51 63 11 79 89
71 96 67 30 65 94 16 73 62 31
67 7 22 62 24 84 50 87 46 43
73 1 45 97 55 23 69 76 44 93
45 25 61 42 98 83 9 50 40 95
45 97 53 96 88 63 31 50 48 75
15 52 55 92 7 70 48 72 86 11
74 78 95 77 30 25 92 13 79 86
17 62 52 50 1 5 45 47 40 87
97 46 83 14 10 88 44 7 1 50
100 39 98 40 55 56 45 1 63 69
52 10 46 75 51 20 58 97 40 99
64 67 90 24 74 60 73 8 14 66
47 88 46 93 51 72 82 98 1 55
9 45 97 48 66 57 55 43 1 16
27 85 78 3 55 31 24 26 6 67
82 1 87 46 72 52 40 55 76 35
46 80 1 98 6 68 87 76 50 2
20 59 55 7 75 69 42 46 92 71
39 100 82 98 72 55 45 48 40 37
23 86 10 45 8 41 50 72 65 82
1 45 97 32 55 80 66 73 47 43
98 71 93 1 23 50 67 40 11 75
24 54 11 52 45 43 62 20 61 55
46 17 62 98 12 75 1 35 47 68
67 46 37 1 95 17 99 98 48 76
7 50 55 84 47 98 42 13 76 88
55 71 1 67 43 15 12 76 93 87
32 92 98 43 55 77 72 10 62 40
39 55 42 93 67 47 45 83 1 20
37 52 80 28 91 47 74 67 98 61
24 30 56 52 43 1 81 6 75 92
43 40 16 56 98 10 45 51 91 66
14 1 43 47 40 91 78 93 45 73
45 55 1 51 87 54 22 97 42 35
92 75 71 12 26 70 81 76 72 36
45 52 23 19 98 67 58 82 48 99
50 46 14 55 8 56 53 87 34 76
98 51 7 86 11 82 68 14 61 59
82 55 93 73 37 23 65 95 40 46
82 50 97 14 3 44 45 62 68 48
17 51 34 55 57 98 37 23 25 45
35 90 1 70 42 55 45 97 11 41
51 97 23 46 1 56 73 88 96 40
93 45 55 43 37 57 42 14 47 98
45 50 54 65 70 14 55 44 42 69
50 14 72 42 45 10 44 46 47 56
46 16 70 97 47 55 1 44 42 10
55 12 76 7 70 46 39 57 88 50
55 93 17 40 62 46 76 2 81 47
97 77 2 87 46 12 47 22 65 1
50 88 41 24 57 1 93 44 55 49
46 98 22 86 76 95 70 47 44 55
48 7 52 87 32 22 1 45 58 69
17 92 98 77 97 40 48 52 71 38
7 98 45 84 73 87 93 72 62 65
17 70 97 44 45 41 1 75 11 73
46 50 87 54 29 56 73 44 88 7
45 98 80 87 36 42 75 15 48 73
39 97 65 1 70 92 11 55 69 52
46 56 42 88 1 43 96 13 75 50
45 97 100 71 24 42 87 15 11 1
93 52 88 100 47 55 78 92 8 97
72 98 42 46 5 48 87 1 95 80
46 52 14 1 86 66 6 97 76 62
45 97 7 58 34 17 100 43 72 12
17 64 70 43 45 98 1 16 87 11
87 42 55 11 45 44 48 50 97 52
69 39 2 97 53 38 30 95 8 55
46 51 23 57 7 72 55 87 41 91
86 52 39 42 48 98 7 43 71 75
20 62 65 98 50 45 11 40 75 1
7 69 46 52 34 19 87 47 72 62
71 51 23 97 46 84 7 48 96 31
47 40 97 34 50 45 72 44 62 87
52 55 43 46 22 48 5 1 33 72
45 50 73 90 57 87 93 40 1 14
78 30 93 43 50 48 69 1 45 58
50 24 1 87 46 98 38 40 73 71
14 34 51 45 50 66 97 98 7 19
45 98 23 43 55 62 56 2 47 48
46 72 14 40 98 50 41 48 5 57
46 52 98 69 71 93 29 40 66 95
56 76 46 22 51 98 41 3 86 87
46 82 97 75 44 30 12 42 66 47
62 65 14 58 7 51 97 55 5 76
87 46 50 89 48 93 37 23 40 10
97 46 55 93 52 86 73 87 90 57
45 1 89 86 16 97 55 87 47 43
50 43 4 18 41 67 22 90 98 52
79 92 21 78 97 43 84 1 93 47
51 46 55 97 21 20 24 22 56 82
93 52 86 22 50 48 87 45 97 41
78 11 62 88 15 37 51 45 97 76
45 38 72 42 88 53 73 93 98 55
36 45 55 48 72 93 8 98 80 7
97 51 45 1 15 44 62 47 87 42
27 82 50 1 46 17 47 43 97 9
45 50 44 76 65 30 73 1 48 42
19 73 46 84 11 24 48 97 58 92
60 71 96 1 94 55 10 46 47 34
50 46 14 63 62 82 76 7 40 67
35 1 93 78 97 50 75 46 67 44
77 44 7 65 97 46 87 6 14 68
98 12 42 70 11 55 47 75 45 85
45 75 11 26 47 55 87 62 42 43
52 46 93 98 25 40 76 72 19 36
55 50 23 84 46 57 43 97 41 93
22 73 56 10 46 55 7 40 97 51
56 36 76 49 46 4 53 69 98 51
1 55 56 10 89 30 47 97 46 65
87 50 45 1 100 24 75 59 73 95
46 62 59 28 72 98 17 51 43 12
24 83 47 87 50 98 41 43 73 1
46 98 85 80 69 87 73 42 54 48
45 32 43 18 50 76 93 55 68 85
55 46 14 97 37 93 72 10 47 42
1 45 69 81 18 48 97 41 6 55
14 93 73 43 45 51 97 23 75 81
71 65 50 47 97 45 7 39 44 70
23 45 80 100 93 1 55 10 56 84
97 93 52 8 22 34 62 47 75 84
7 86 17 51 75 57 92 11 94 8
32 60 50 17 90 5 94 53 11 98
45 52 67 83 93 97 1 14 56 43
45 18 8 51 87 1 72 97 55 76
97 98 37 32 92 67 44 51 45 48
45 17 87 1 43 97 83 73 55 93
45 80 73 17 1 76 47 63 44 55
45 55 73 24 49 7 93 56 41 43
46 98 35 93 52 10 1 89 47 64
46 66 52 75 57 69 23 78 7 47
46 72 1 40 82 94 44 97 17 48
55 62 3 11 72 1 70 46 66 68
87 46 50 10 80 73 24 86 1 48
92 51 62 14 93 43 69 47 40 70
45 15 97 42 7 72 48 86 30 71
50 7 11 57 14 55 64 76 87 47
45 55 89 98 1 14 76 93 41 56
75 22 97 46 55 98 70 87 47 54
1 39 48 10 37 97 45 62 73 75
11 42 48 45 98 7 6 57 12 96
88 43 57 24 44 10 19 47 98 45
98 10 65 92 48 1 45 56 9 24
1 54 22 65 40 46 98 80 11 41
45 52 55 59 13 1 25 47 95 73
30 5 46 23 32 15 16 87 44 69
45 1 93 42 26 78 47 97 57 55
53 97 59 43 34 92 8 47 51 36
96 12 82 50 45 97 72 40 99 41
45 55 14 1 84 10 39 62 69 16
46 95 1 70 75 47 55 43 85 73
46 19 40 72 98 73 14 92 70 2
50 98 58 5 46 72 93 44 47 16
16 46 55 57 63 1 43 69 76 40
59 86 58 69 1 71 28 63 42 46
39 45 62 98 50 96 40 85 48 7
55 37 1 15 45 72 13 47 41 86
46 50 30 98 92 62 76 63 11 43
37 1 55 47 46 17 43 71 76 98
14 51 46 40 47 58 10 42 97 55
57 65 24 22 43 55 70 96 40 72
97 34 50 46 57 27 64 45 7 91
14 46 81 42 98 50 99 75 7 49
92 83 46 7 48 1 50 55 36 44
46 30 23 56 78 69 97 92 1 47
58 92 48 52 46 43 30 7 76 87
62 50 46 88 48 7 93 6 12 43
98 51 33 10 72 42 80 73 1 16
47 39 1 46 19 98 93 62 50 42
22 80 40 1 52 97 73 93 60 45
62 40 66 20 10 72 92 87 1 52
98 24 46 87 12 40 93 44 36 1
45 16 84 70 43 11 40 1 97 2
98 47 92 24 45 7 76 12 82 44
8 42 75 51 47 46 87 16 12 57
38 52 43 80 1 11 55 75 69 54
22 55 96 45 62 10 69 43 7 47
93 88 27 55 45 98 44 47 53 73
52 46 82 97 63 76 4 17 40 1
55 1 100 15 40 46 62 87 43 69
6 95 22 26 51 43 47 46 93 56
45 8 57 55 88 48 93 17 43 87
19 23 34 65 24 12 15 51 57 74
44 98 47 40 71 96 97 43 69 75
22 45 50 1 56 47 98 65 93 40
56 46 12 50 87 77 24 72 48 7
66 1 57 50 30 62 14 54 98 46
51 55 93 8 16 53 40 87 56 95
17 65 90 45 50 1 92 42 62 97
46 62 10 98 48 40 7 63 17 75
45 98 62 19 43 97 87 69 76 64
46 100 7 43 72 97 47 10 23 70
11 97 39 89 88 51 7 43 62 93
70 23 93 45 55 98 1 47 44 75
46 55 43 48 56 10 17 40 75 98
13 23 48 97 51 1 17 58 11 46
46 97 93 18 24 55 1 51 66 43
51 98 43 30 7 84 14 75 57 92
45 16 98 62 99 12 75 1 43 79
99 76 63 96 98 6 91 65 12 59
46 97 17 54 7 5 69 48 72 55
3 40 4 87 97 43 50 1 27 47
18 56 37 98 46 76 40 1 100 69
45 55 10 70 16 1 69 97 91 75
22 51 97 100 83 55 44 47 73 75
98 50 62 69 42 93 37 46 15 73
46 22 62 55 7 98 84 47 13 99
45 23 30 1 10 58 83 13 97 50
89 76 25 45 97 92 2 87 48 80
55 52 17 40 62 63 5 87 43 92
9 45 82 16 65 20 97 55 7 40
72 100 31 50 46 1 23 57 85 98
46 50 32 48 41 97 72 40 99 80
47 97 45 88 1 62 93 68 30 37
98 46 56 11 19 47 76 34 88 42
15 88 50 45 97 7 47 58 11 76
16 56 93 43 55 8 10 98 46 51
29 57 51 55 1 45 70 50 23 63
46 93 20 50 43 8 40 11 97 88
26 60 43 68 64 87 52 80 93 14
52 87 29 80 97 96 42 10 1 61
46 52 51 18 22 21 58 81 71 29
97 65 80 7 51 49 43 55 39 48
55 40 13 43 84 46 50 97 57 47
51 97 14 10 88 46 7 42 57 55
62 98 37 43 47 85 51 19 42 80
46 64 33 80 93 51 98 22 8 6
81 76 5 40 17 97 45 44 1 73
98 21 42 51 18 55 76 24 72 1
50 23 7 44 76 66 82 46 10 49
100 45 80 55 94 21 62 87 66 93
45 15 23 52 69 4 66 83 33 11
93 55 16 62 10 70 46 75 40 21
59 22 46 52 1 44 93 57 87 6
45 52 55 16 11 62 48 96 42 78
39 80 13 63 15 34 92 4 24 6
36 10 94 19 81 99 54 50 29 7
98 18 84 1 80 45 74 43 73 82
18 70 92 22 52 55 1 10 42 75
86 45 98 44 78 48 43 41 12 76
45 98 43 17 63 5 48 56 42 73
1 45 26 44 97 51 40 19 13 56
53 97 45 58 15 1 87 44 40 5
52 97 14 32 93 57 73 55 88 15
46 97 39 73 63 82 7 43 96 47
46 72 56 47 8 30 43 97 69 92
45 46 97 98 36 22 96 86 11 12
98 46 62 36 69 51 76 57 73 8
89 28 90 40 64 75 31 8 29 94
82 41 46 17 1 11 97 42 55 88
91 43 48 45 40 7 20 87 52 93
97 46 57 16 7 83 4 42 76 11
47 14 52 93 55 46 98 43 42 87
71 40 55 66 9 19 45 86 87 47
98 64 87 33 56 69 51 76 41 15
20 1 55 46 77 42 65 11 56 76
80 43 98 46 17 1 62 52 88 55
50 62 81 46 91 24 20 12 98 15
87 57 46 47 55 35 72 40 34 86
98 16 7 1 87 58 40 45 96 12
65 24 51 56 98 42 76 13 43 55
15 51 5 40 45 52 97 87 8 32
97 55 25 87 20 45 39 62 21 40
15 45 7 88 71 55 40 92 11 72
19 65 45 75 83 48 69 98 43 7
45 50 58 43 41 97 95 100 16 76
82 25 97 45 65 1 43 76 50 48
56 7 55 24 57 1 50 23 43 42
46 51 98 57 37 17 10 78 71 8
7 15 55 72 88 92 56 12 69 41
98 24 86 18 37 62 80 85 87 21
17 51 97 69 55 13 1 70 42 9
50 18 62 42 88 45 8 98 69 93
16 17 24 14 11 53 39 21 58 19
46 7 47 29 55 82 97 51 100 43
88 92 7 39 70 98 48 42 11 85
50 98 23 71 88 87 40 55 7 45
98 55 37 1 82 93 100 10 52 23
47 56 22 46 44 51 97 1 48 43
40 55 93 1 43 50 32 47 84 70
46 98 42 76 35 83 48 96 7 59
50 86 21 42 97 69 58 46 29 85
46 55 20 62 7 11 84 48 76 49
52 78 30 21 24 48 97 87 16 43
39 98 56 51 92 1 10 69 85 76
48 97 27 75 45 65 7 58 43 60
46 97 50 55 62 37 75 35 11 93
72 99 46 23 73 47 57 87 98 75
39 92 98 45 51 7 57 76 44 30
8 97 51 65 10 69 1 71 93 43
97 45 1 34 47 44 14 12 41 87
50 97 48 14 78 47 27 55 3 31
62 10 32 45 31 57 93 17 92 69
19 83 50 13 97 87 45 14 41 43
97 39 62 86 47 92 59 1 45 64
46 42 55 70 53 22 83 54 41 34
19 62 83 34 7 67 23 74 98 93
8 46 54 48 22 33 76 42 88 55
91 83 1 61 17 45 42 55 48 43
51 72 19 5 81 24 47 77 97 65
48 90 23 93 46 42 10 49 1 50
22 97 45 1 84 42 80 72 87 2
46 55 69 26 21 82 8 23 51 38
70 55 22 75 51 93 87 44 40 45
92 40 98 84 14 72 62 85 13 90
15 86 56 45 55 93 11 40 43 73
98 73 99 11 23 56 46 55 40 53
51 11 46 47 56 20 72 43 1 41
43 50 52 98 8 11 15 46 51 41
45 93 87 39 84 64 91 63 76 41
98 50 70 7 69 93 88 97 81 1
45 50 92 18 30 72 56 35 47 55
28 77 76 88 42 46 51 97 87 10
16 62 52 45 7 81 41 84 72 10
22 62 1 46 55 92 43 41 51 88
82 34 98 46 20 47 1 40 52 54
11 32 14 62 20 71 72 56 37 92
50 74 75 47 87 1 85 10 90 97
93 69 4 47 46 76 97 36 49 71
16 1 93 8 6 3 9 20 97 55
45 82 9 1 19 58 69 41 97 50
18 42 45 52 55 93 62 47 43 98
4 23 1 62 76 52 72 40 85 73
98 46 62 7 33 37 48 92 75 88
67 62 47 45 7 51 93 98 1 37
25 61 97 52 47 98 40 46 72 81
80 86 2 87 51 72 39 45 40 48
52 98 83 17 12 75 96 41 44 69
47 78 45 85 44 50 73 48 28 34
71 3 47 1 97 45 44 41 86 87
43 46 98 17 21 87 45 50 57 84
45 50 81 55 8 47 73 35 43 98
22 41 84 12 73 55 21 87 47 72
56 93 1 47 55 40 46 87 76 9
97 48 55 50 19 45 87 2 56 75
51 7 46 20 83 87 62 93 47 63
46 51 6 47 40 86 87 3 67 45
76 30 87 92 11 46 15 1 55 44
86 33 17 3 94 62 51 43 52 90
57 55 23 93 73 45 72 97 40 77
56 20 50 69 97 7 45 42 31 92
22 80 34 8 2 52 46 43 55 1
46 59 76 39 98 57 40 43 99 50
56 93 46 41 97 17 48 8 52 44
50 15 98 1 12 73 82 96 48 75
30 83 40 98 51 76 22 7 8 73
17 40 98 37 55 8 44 88 50 45
5 56 45 41 97 55 87 90 72 24
55 46 50 17 1 96 91 73 75 88
56 67 34 25 96 27 77 92 11 99
17 44 51 28 1 97 21 77 41 48
40 14 4 13 44 93 55 6 45 56
46 14 56 97 1 47 51 43 40 76
52 23 56 43 19 99 42 70 10 55
97 36 51 83 6 42 72 16 87 90
14 83 46 52 5 48 76 84 23 7
45 81 97 16 76 13 65 41 48 87
17 55 57 48 1 93 84 10 70 86
50 7 70 46 97 65 22 42 3 54
9 36 82 21 45 97 94 95 51 60
97 72 23 87 45 96 10 71 73 4
91 22 48 80 50 41 60 43 93 69
88 32 16 80 39 14 11 56 46 97
93 17 57 95 45 97 73 84 67 55
9 57 51 42 87 45 1 47 97 17
52 58 45 22 81 11 84 70 97 62
1 10 86 22 35 26 37 62 68 34
10 52 60 88 91 7 80 98 48 22
62 52 7 55 72 46 47 87 39 44
91 37 92 50 16 43 46 10 1 42
45 52 55 15 58 72 97 7 42 92
24 46 93 1 97 55 85 63 5 62
23 75 89 43 93 45 59 70 1 87
32 51 97 80 8 40 9 48 76 22
45 50 55 98 97 51 44 87 47 43
34 92 28 19 75 12 9 17 83 56
97 7 92 47 64 44 23 45 82 42
14 98 46 97 85 57 40 58 11 47
24 84 80 23 74 58 45 88 93 10
97 6 99 50 11 45 62 69 53 24
55 82 7 100 10 46 87 47 44 51
92 55 64 46 98 87 1 47 93 43
16 62 51 92 44 98 72 5 69 45
69 15 61 10 45 52 42 98 44 47
34 46 74 90 48 88 98 85 25 43
9 46 55 81 1 42 14 72 30 63
46 93 14 50 1 48 56 42 55 43
1 51 33 22 76 97 45 82 56 92
66 37 47 45 51 29 98 100 64 1
46 75 8 41 73 14 98 47 62 12
46 51 19 81 1 92 54 59 40 38
51 45 98 10 62 20 7 75 92 26
54 50 26 8 10 56 35 2 24 12
23 62 45 55 1 47 98 70 66 44
92 50 98 1 48 89 62 46 44 11
51 39 45 97 1 44 63 80 99 42
13 51 69 94 47 41 76 97 11 87
49 46 83 84 17 1 44 98 99 96
55 73 46 1 35 91 7 96 43 85
45 51 55 87 62 7 75 48 13 44
40 18 52 93 71 46 47 87 97 44
98 65 73 35 46 70 93 63 1 55
45 77 20 40 62 48 97 93 44 51
52 50 15 61 55 83 56 53 38 87
51 87 48 56 45 69 98 7 67 18
57 45 51 28 30 1 22 62 35 87
51 15 55 45 1 44 49 88 73 72
63 100 20 1 91 52 46 28 55 10
22 51 98 72 1 45 47 10 85 57
82 45 98 89 47 93 40 65 50 17
59 73 96 52 14 97 40 87 10 1
55 51 98 11 16 40 73 81 48 57
51 10 22 83 82 15 45 11 37 99
