6 56 83 45 30 55 91 33 17 90 
82 33 92 83 30 20 91 55 89 17 
94 92 93 17 89 33 5 71 98 23 
52 31 82 83 55 26 17 63 9 33 
97 98 89 90 82 31 87 20 55 92 
99 92 90 30 82 89 83 7 91 45 
98 82 30 18 91 90 52 89 27 33 
98 82 55 59 31 89 91 83 24 10 
82 30 83 10 50 98 7 33 55 90 
71 91 14 93 82 30 89 55 33 15 
77 49 94 55 31 82 89 42 83 56 
82 31 91 7 92 21 26 45 83 84 
98 31 82 90 71 55 83 13 45 4 
30 7 92 91 82 17 98 83 10 52 
31 91 98 63 100 26 56 82 92 45 
31 94 82 80 83 45 41 20 17 55 
31 98 7 82 89 33 52 83 55 49 
31 82 98 89 23 91 71 33 83 55 
30 7 98 91 82 9 52 44 16 1 
93 31 80 72 91 83 49 55 33 77 
98 82 31 89 83 52 71 91 33 55 
46 73 94 30 90 6 91 41 83 82 
93 63 31 55 16 90 83 82 54 91 
89 30 63 26 83 15 10 91 33 49 
30 98 82 45 6 13 28 91 83 67 
67 72 28 87 55 31 89 91 98 10 
33 31 49 82 17 56 67 52 90 55 
91 82 52 57 94 89 10 61 22 83 
98 7 59 31 52 55 91 83 15 82 
22 92 82 90 31 98 7 55 91 71 
30 98 91 84 96 12 71 6 55 82 
98 89 30 55 54 93 10 83 96 90 
97 92 6 30 82 16 39 41 98 14 
24 83 98 31 89 82 91 17 55 10 
31 98 72 90 82 95 20 23 91 33 
30 98 55 72 91 82 40 62 17 23 
98 47 20 71 31 64 82 90 6 80 
93 33 59 31 90 98 10 4 91 37 
82 91 63 20 30 90 94 46 33 7 
91 30 82 93 90 6 42 89 60 41 
93 89 63 31 83 33 91 82 90 10 
30 40 83 55 93 91 82 28 45 90 
55 89 6 68 10 83 91 82 98 30 
30 98 55 45 83 82 39 17 20 28 
98 71 31 82 7 91 90 33 13 69 
89 9 93 64 31 91 83 45 11 92 
82 30 98 72 55 20 45 21 56 90 
30 91 53 89 82 6 55 17 83 45 
24 17 82 30 90 52 98 27 15 91 
17 100 82 7 30 98 91 9 10 55 
91 30 82 12 83 98 10 52 55 90 
30 55 82 83 60 98 17 45 56 52 
49 31 6 55 98 100 83 17 20 33 
30 83 86 55 82 7 93 35 33 25 
94 30 10 89 82 7 98 31 52 90 
93 90 24 20 89 55 78 30 98 91 
17 91 24 92 55 82 10 83 31 89 
94 57 31 91 82 90 10 17 81 7 
65 59 57 82 55 53 23 58 98 31 
98 31 28 82 60 83 45 4 64 90 
30 94 12 51 90 7 82 89 83 55 
40 98 30 7 90 31 55 42 82 33 
94 71 82 15 91 30 84 90 83 31 
31 90 93 45 60 10 76 20 42 17 
72 98 71 90 7 91 92 31 82 41 
31 90 49 20 55 21 100 89 91 41 
91 79 31 10 98 89 55 82 11 83 
9 34 31 10 7 53 32 98 17 39 
31 98 16 56 7 71 89 17 36 82 
31 82 92 71 10 83 4 33 90 47 
83 90 82 55 98 31 24 49 52 23 
31 98 73 55 91 82 20 90 63 83 
31 94 82 90 83 17 45 69 55 50 
98 20 31 49 87 91 55 17 15 99 
82 83 98 30 7 90 42 89 55 63 
94 30 63 71 4 91 44 11 49 82 
31 94 15 82 90 83 91 69 52 65 
93 52 72 83 47 82 10 66 16 30 
93 31 10 89 41 49 91 82 33 55 
82 26 12 52 31 98 78 83 45 55 
31 82 98 7 9 84 90 45 89 67 
7 9 92 28 66 16 98 82 31 83 
30 76 92 56 10 82 65 83 91 15 
82 55 31 83 89 45 67 91 17 28 
77 99 94 89 91 98 31 33 84 49 
71 31 98 83 39 64 3 82 33 55 
19 31 89 91 83 92 55 33 10 82 
31 91 93 82 77 90 71 99 23 80 
30 40 98 91 55 89 82 28 20 90 
98 50 64 82 4 90 30 52 55 23 
31 91 82 55 83 98 90 46 54 89 
50 71 98 82 31 73 83 42 91 90 
57 82 30 64 90 94 7 23 34 33 
30 89 82 83 33 55 23 64 90 91 
30 91 72 89 83 52 10 55 20 96 
31 62 98 17 55 44 83 23 92 20 
68 83 17 31 90 55 82 92 63 20 
55 31 82 98 56 83 91 17 10 45 
6 92 31 18 97 20 90 98 27 95 
57 12 98 36 91 31 52 90 33 82 
98 10 83 89 55 7 91 30 82 90 
60 93 31 26 89 40 91 33 35 81 
31 82 98 90 85 23 26 15 70 33 
30 91 98 9 22 89 83 10 16 82 
72 93 83 99 52 91 23 31 10 54 
32 30 47 90 62 98 20 57 2 6 
31 98 67 44 26 33 88 82 55 6 
64 23 98 83 30 82 55 91 52 49 
30 31 91 89 98 61 29 36 55 82 
98 31 82 48 1 7 91 20 49 100 
69 31 82 58 90 94 46 85 91 89 
30 59 12 98 6 44 87 35 33 82 
30 90 94 12 83 82 55 80 91 17 
98 30 15 90 82 33 83 64 55 6 
31 89 55 20 65 49 67 34 10 64 
90 98 30 82 52 83 91 55 67 49 
30 98 69 91 82 90 26 7 89 52 
71 31 91 98 82 55 89 97 11 90 
91 93 55 90 31 83 17 82 89 10 
30 98 7 49 82 83 91 9 23 90 
92 74 33 10 78 82 31 55 45 91 
10 83 42 7 98 90 33 19 11 23 
94 31 63 91 82 25 60 9 45 70 
31 90 33 82 98 45 83 49 85 17 
98 31 76 52 90 89 94 83 17 6 
31 45 81 78 89 83 55 98 10 82 
95 10 55 71 91 31 20 34 47 98 
31 24 23 55 46 89 36 91 51 92 
30 89 55 49 16 83 23 91 57 20 
93 31 10 82 91 17 96 83 42 55 
83 82 12 6 98 31 20 33 28 91 
77 37 33 98 82 83 4 41 31 91 
55 10 98 30 85 46 83 90 57 7 
30 90 82 55 98 91 72 45 23 10 
30 7 98 82 63 90 17 46 94 91 
68 94 55 91 92 89 82 30 11 83 
73 31 77 28 89 83 98 91 54 12 
82 89 92 90 91 22 60 10 59 83 
20 98 74 72 10 35 93 5 56 30 
44 72 20 49 90 91 31 17 98 92 
98 82 91 83 31 10 33 26 89 45 
98 8 91 30 90 82 9 11 7 12 
100 89 94 61 67 98 81 90 30 24 
6 13 90 82 50 84 31 91 33 93 
5 98 33 53 31 55 90 30 7 82 
8 7 67 10 31 83 90 89 91 55 
52 39 83 98 82 31 55 23 45 17 
98 55 4 91 82 30 90 49 13 9 
98 97 91 31 83 90 82 84 45 17 
100 41 83 89 30 91 42 55 17 92 
9 94 31 83 55 20 49 36 82 90 
31 91 82 90 63 50 3 33 83 92 
31 82 90 91 69 95 26 83 41 45 
69 31 82 47 17 83 91 9 37 10 
82 93 49 31 83 36 20 91 71 55 
91 30 92 45 82 83 33 26 18 55 
45 63 57 94 52 15 89 82 35 33 
80 4 30 82 75 94 90 20 84 89 
30 92 7 83 82 49 28 36 20 98 
30 98 49 46 92 17 52 77 42 33 
30 83 60 20 94 91 90 55 77 45 
93 90 10 12 51 9 33 89 31 82 
13 33 71 98 31 100 93 30 82 37 
45 63 93 82 30 83 55 90 91 98 
98 30 91 63 9 90 89 83 55 23 
89 49 31 55 91 83 82 6 26 73 
28 44 30 10 55 100 83 98 65 37 
90 82 91 75 70 94 89 10 74 26 
31 82 98 7 49 92 20 53 89 83 
30 6 23 70 92 67 91 55 17 83 
72 7 98 30 82 33 88 91 55 23 
31 98 91 82 28 49 42 100 78 20 
31 94 60 26 99 7 100 91 82 17 
76 26 30 94 49 83 91 33 10 11 
30 14 49 98 99 71 17 20 7 33 
30 98 82 83 55 57 41 34 91 90 
31 82 7 90 24 92 55 45 98 10 
82 31 17 73 52 72 21 55 42 10 
89 10 40 92 30 82 83 91 98 55 
82 30 83 98 89 23 92 7 17 20 
30 94 83 6 45 91 14 17 90 9 
66 83 10 52 90 89 98 30 82 20 
72 91 31 55 98 82 83 7 45 90 
95 55 92 89 31 98 90 82 83 17 
59 31 82 91 92 89 20 17 34 52 
60 95 23 90 33 94 31 30 89 26 
33 31 72 49 1 89 91 55 82 83 
55 40 31 91 98 17 82 90 10 20 
30 72 91 45 90 82 55 26 94 92 
81 33 30 71 83 55 82 91 7 49 
31 94 69 82 45 89 10 90 17 91 
30 98 10 49 72 43 71 26 83 13 
61 91 31 92 17 82 89 45 55 83 
63 7 31 1 4 60 13 82 91 89 
63 97 50 45 83 92 82 31 91 90 
19 93 12 30 5 91 82 55 83 17 
31 55 98 91 82 50 90 45 17 83 
98 83 82 31 91 63 52 34 55 53 
18 98 93 9 63 90 30 29 82 3 
93 2 82 30 98 55 10 89 12 91 
30 98 82 45 52 10 91 71 12 9 
10 31 98 82 15 83 92 45 60 100 
69 98 82 23 83 17 89 91 30 90 
82 30 93 35 27 44 71 55 36 23 
93 79 13 55 31 45 33 82 83 17 
71 9 94 31 45 55 10 83 91 82 
7 30 98 2 82 91 52 12 83 17 
82 31 98 59 6 55 90 83 45 20 
30 74 98 90 91 7 33 45 71 23 
82 30 33 91 98 83 17 89 55 59 
31 63 98 82 91 4 10 92 77 90 
80 91 33 82 83 94 55 31 89 52 
98 31 26 34 78 5 54 15 23 83 
17 31 71 98 83 26 82 52 45 33 
30 7 91 93 90 11 89 4 83 45 
90 82 73 98 30 91 83 10 9 59 
98 31 82 55 12 91 90 49 83 23 
76 83 30 67 82 7 90 89 55 91 
63 26 89 93 30 82 83 14 90 55 
98 82 30 7 55 91 26 49 90 83 
83 72 84 90 82 71 87 93 35 95 
16 55 90 31 82 22 91 83 98 23 
80 82 94 31 83 10 97 84 30 91 
33 82 83 73 43 25 58 6 64 89 
30 93 7 91 98 64 82 17 9 35 
31 98 90 46 71 33 82 42 45 92 
98 26 63 31 43 37 57 33 49 10 
30 94 28 10 82 89 71 100 45 52 
82 89 5 30 72 55 98 90 83 48 
30 82 89 4 83 91 70 67 55 10 
90 43 91 6 30 17 42 82 52 98 
7 55 83 94 30 82 89 45 26 33 
31 92 45 33 89 98 91 72 46 10 
89 91 30 28 7 55 49 71 83 82 
71 33 31 98 91 50 82 96 18 42 
90 30 98 83 78 52 93 25 55 82 
92 81 31 72 90 82 71 50 33 4 
31 98 91 90 55 83 60 82 20 45 
85 10 72 93 82 30 91 55 90 45 
94 7 49 15 30 28 62 17 82 83 
92 71 31 55 82 89 33 15 91 86 
98 21 90 31 91 84 7 26 82 10 
71 98 91 30 55 90 82 10 26 52 
30 94 71 45 4 12 96 55 33 10 
82 55 31 94 91 72 26 77 90 49 
59 91 30 90 84 9 50 94 2 45 
72 81 90 31 91 89 93 83 82 55 
79 93 45 31 90 52 82 89 55 83 
30 91 52 55 98 82 71 90 26 17 
74 69 26 94 84 39 83 90 91 31 
93 83 31 49 24 36 41 12 95 82 
69 94 90 20 98 49 91 31 83 45 
30 55 98 91 82 64 7 89 17 42 
91 98 31 82 55 49 45 60 83 90 
7 2 92 41 82 33 31 71 90 55 
91 1 90 64 31 92 55 33 49 89 
83 98 89 31 82 45 71 55 56 33 
91 98 66 72 64 31 83 90 23 20 
81 98 31 91 83 49 72 90 82 48 
20 55 81 31 83 98 91 33 9 42 
31 12 98 55 83 10 91 90 82 26 
98 10 90 55 82 30 17 14 45 91 
75 98 89 91 82 45 57 83 92 60 
35 5 55 89 10 7 92 82 6 31 
30 98 7 89 31 4 90 10 92 78 
82 31 71 54 49 89 17 83 92 4 
30 90 89 41 98 82 10 91 83 17 
82 9 83 60 30 100 55 19 96 41 
91 30 7 98 82 90 55 83 63 26 
32 82 98 91 89 31 23 55 17 10 
33 30 98 35 2 82 55 52 91 3 
93 69 28 91 90 30 83 82 42 45 
92 59 55 82 90 31 91 33 40 17 
30 33 89 90 63 82 52 98 49 7 
93 31 6 71 12 45 82 90 63 15 
26 90 45 17 52 30 82 89 91 7 
71 82 31 90 42 55 52 45 89 91 
31 82 98 89 30 90 33 83 92 52 
31 91 62 55 2 90 83 82 9 33 
30 55 60 98 83 82 91 45 1 19 
35 98 31 44 28 50 52 7 90 46 
16 52 82 10 94 30 55 6 91 58 
98 83 4 55 5 82 30 89 45 92 
85 33 98 31 20 91 52 17 81 8 
40 31 83 82 89 55 90 23 16 84 
91 83 89 98 82 31 24 90 63 39 
100 31 83 90 10 92 9 98 57 55 
76 61 30 83 90 98 91 82 10 55 
98 31 82 91 33 71 9 54 90 55 
55 94 31 62 92 10 89 91 46 82 
6 92 30 89 90 81 13 24 98 50 
81 98 90 30 26 83 20 45 4 91 
30 39 45 89 82 55 76 19 7 98 
26 13 89 31 82 83 55 91 20 49 
55 83 71 98 45 89 6 91 82 33 
59 98 42 91 82 43 89 78 7 83 
82 31 45 94 7 91 17 49 55 13 
80 60 98 89 33 90 97 67 4 83 
98 89 31 7 33 82 26 72 42 55 
82 30 98 91 83 41 10 20 89 67 
12 98 30 29 83 35 55 91 28 32 
31 92 45 71 91 100 50 33 82 15 
98 58 82 31 30 91 7 10 17 54 
98 19 55 82 17 26 31 89 91 20 
16 30 98 9 82 83 49 42 52 17 
30 63 89 6 92 90 52 71 20 19 
98 72 92 94 91 93 89 14 15 71 
30 19 42 91 82 89 33 90 92 55 
72 89 31 10 11 45 91 98 4 12 
91 79 30 98 17 82 26 33 10 83 
93 17 59 30 55 89 82 52 26 10 
26 12 98 82 30 45 23 90 52 83 
62 52 82 50 7 89 91 31 17 90 
72 9 93 91 49 30 83 23 90 82 
23 82 15 92 91 5 66 17 8 50 
55 31 82 98 17 91 83 77 49 45 
98 90 36 71 26 96 91 31 82 79 
33 34 55 89 30 91 90 9 82 83 
89 83 98 91 7 55 82 31 52 45 
31 91 94 62 71 55 52 6 17 83 
98 55 83 31 82 69 17 89 91 33 
92 12 71 90 82 31 33 55 83 23 
31 98 72 26 15 45 92 23 24 10 
91 89 7 49 33 10 90 23 82 31 
98 90 84 4 55 17 83 30 92 82 
1 98 63 50 55 30 91 89 90 10 
58 98 30 38 17 71 49 15 91 5 
33 12 30 34 90 83 91 59 55 26 
91 30 98 33 82 7 28 63 90 49 
98 31 49 44 90 7 77 9 84 72 
94 31 91 12 71 13 26 90 82 9 
91 49 33 31 82 26 62 20 15 83 
33 59 82 93 41 30 55 91 42 52 
75 52 41 81 82 33 31 98 90 55 
90 87 82 70 8 92 91 63 30 17 
30 16 98 47 82 15 72 42 17 90 
31 36 82 89 90 71 93 70 45 55 
82 30 90 72 33 98 91 45 83 20 
49 89 91 31 36 33 20 16 27 55 
4 31 98 45 9 96 17 23 91 55 
7 56 98 22 90 83 33 82 72 21 
82 98 31 7 63 52 55 91 45 20 
49 13 83 81 94 91 45 80 35 30 
17 30 24 9 10 91 52 94 82 37 
30 82 98 12 26 8 83 27 91 17 
98 23 40 55 30 82 89 17 90 80 
86 5 20 30 4 15 94 82 89 12 
30 98 45 77 83 7 82 89 6 48 
82 10 83 9 59 30 72 98 52 55 
30 17 83 78 49 89 82 91 98 90 
91 90 89 82 55 30 83 10 67 60 
30 92 98 31 60 14 77 35 82 91 
58 92 55 89 30 33 82 98 83 91 
89 16 90 98 82 71 45 31 49 91 
