4 61 41 12 30 20 22 90 51 67 
43 5 89 69 20 62 18 12 92 99 
99 51 66 90 13 37 87 9 57 32 
22 12 96 43 79 99 8 30 52 86 
97 71 83 47 91 28 35 42 12 2 
12 29 22 92 18 94 74 20 42 53 
32 67 42 96 33 2 14 11 24 77 
52 24 43 12 35 57 99 86 8 5 
68 89 47 27 58 18 13 37 29 91 
22 46 61 30 13 41 42 85 89 96 
12 4 29 73 41 36 87 81 42 100 
2 36 18 78 29 43 97 51 26 54 
65 18 26 57 43 49 12 46 96 82 
22 55 21 42 4 86 34 33 12 67 
35 48 42 62 29 9 37 72 31 100 
53 9 80 26 91 94 19 32 35 39 
80 12 29 62 8 6 24 74 46 98 
29 68 89 41 22 12 55 86 91 80 
32 78 12 43 86 35 57 8 56 100 
43 26 12 9 91 25 21 81 57 37 
77 8 12 36 21 43 18 97 72 44 
13 29 42 24 18 69 9 96 40 49 
12 42 99 81 24 5 98 54 32 91 
12 2 84 18 36 43 52 46 8 23 
91 18 30 24 77 46 4 12 27 66 
40 9 34 12 76 21 37 33 59 18 
93 63 12 22 99 18 21 42 57 39 
32 14 21 42 57 94 50 84 97 12 
42 13 30 24 78 38 50 5 86 43 
19 28 63 34 82 90 32 46 13 100 
12 80 95 47 8 1 33 21 61 87 
18 79 13 99 95 29 63 46 47 9 
17 70 33 18 13 48 39 96 98 9 
79 57 35 13 32 11 18 21 49 46 
33 48 12 84 9 36 42 8 19 96 
26 12 79 46 32 40 18 100 6 77 
35 1 88 80 47 40 99 92 98 33 
81 42 94 12 25 54 40 100 51 46 
32 61 12 81 42 6 26 80 91 78 
4 81 18 23 67 13 92 30 68 3 
13 30 6 41 78 85 26 44 51 97 
66 9 21 37 43 100 29 18 50 82 
12 32 67 9 35 90 46 40 94 87 
89 24 58 40 7 12 29 35 67 57 
4 13 19 51 24 33 20 88 78 100 
34 79 43 8 22 19 13 46 30 94 
76 47 99 12 32 57 21 98 86 42 
23 12 82 46 18 8 94 9 43 96 
68 14 12 42 97 20 1 79 91 40 
30 43 99 37 13 19 80 46 94 98 
78 68 29 12 18 46 99 8 39 35 
12 68 89 25 96 47 86 65 57 42 
13 14 42 30 41 51 92 94 4 83 
36 81 2 18 46 99 91 13 55 86 
81 43 27 9 12 87 51 20 96 68 
9 80 43 57 32 24 18 41 12 47 
10 34 76 42 12 18 30 70 95 97 
9 99 24 66 32 19 40 90 14 60 
68 18 88 12 97 25 94 57 39 6 
21 22 43 66 94 18 12 95 57 39 
9 78 34 42 12 30 99 86 54 51 
6 55 91 12 87 41 32 97 19 67 
9 42 27 49 34 29 80 12 39 18 
12 43 65 98 32 86 41 35 97 8 
69 24 29 13 46 19 84 51 57 59 
29 22 5 40 51 43 81 85 62 98 
68 18 22 80 76 40 4 11 24 32 
13 37 40 81 32 6 99 83 86 15 
30 42 11 66 57 28 24 88 12 100 
8 27 67 49 12 85 100 57 43 46 
79 5 12 42 22 95 19 96 21 48 
58 32 37 11 46 43 9 50 12 18 
40 22 6 12 11 18 80 57 94 30 
84 1 32 48 12 8 22 46 57 97 
23 1 18 21 82 40 29 94 35 89 
82 12 18 91 24 29 96 38 2 77 
88 43 100 27 24 13 96 65 99 45 
87 79 12 99 94 9 43 18 97 42 
89 78 1 36 30 13 46 8 86 43 
33 83 12 26 2 91 21 94 16 86 
13 78 18 35 29 42 96 65 21 20 
13 43 60 44 21 24 18 96 91 94 
71 21 13 43 90 88 99 18 33 8 
12 91 61 29 23 18 58 99 20 38 
88 10 96 33 49 79 43 69 31 46 
29 42 61 8 13 49 19 97 21 91 
8 5 81 97 59 42 54 36 32 85 
98 26 40 27 12 9 100 84 99 92 
42 18 23 12 97 34 73 30 6 99 
12 27 80 8 47 42 99 57 18 91 
27 67 86 96 30 94 95 39 12 89 
74 54 41 37 96 97 18 32 95 12 
21 97 36 12 86 5 99 84 57 42 
43 78 29 13 18 95 38 8 99 20 
81 2 86 35 46 30 94 68 98 12 
32 80 9 35 91 12 40 8 99 57 
29 12 57 79 96 42 18 37 90 26 
42 6 67 19 47 26 99 13 46 95 
38 43 32 2 99 18 84 12 57 63 
12 55 22 21 17 43 97 9 18 48 
78 94 38 48 42 12 30 87 89 91 
12 46 56 30 37 19 94 8 76 65 
54 27 18 13 91 99 36 11 96 51 
24 42 13 2 32 86 96 54 84 92 
12 51 35 30 43 71 8 18 78 40 
30 12 88 36 5 99 55 97 94 40 
89 29 12 28 77 61 57 43 99 50 
2 83 32 43 85 37 8 36 54 47 
1 20 40 58 18 87 51 22 13 99 
24 9 85 43 30 98 79 91 74 48 
67 29 26 46 6 12 10 54 42 21 
35 29 48 46 4 43 96 13 92 18 
4 80 29 91 50 100 87 68 90 12 
55 24 4 42 51 40 18 58 95 12 
29 42 4 8 38 41 78 12 85 49 
52 9 32 24 41 46 43 18 12 71 
9 19 76 30 49 22 8 100 12 97 
6 24 78 32 95 69 42 47 28 12 
12 32 43 23 5 52 61 19 59 7 
84 43 12 7 29 53 95 85 38 71 
81 12 46 33 40 39 87 97 43 66 
13 18 29 42 94 21 97 51 89 81 
13 22 30 94 47 5 18 80 99 40 
37 43 27 84 40 51 13 94 18 39 
29 75 55 14 22 12 43 99 84 37 
12 32 25 36 1 100 22 43 99 55 
18 12 43 59 8 99 68 65 91 47 
13 24 67 89 87 48 91 29 98 11 
46 24 86 29 61 1 12 18 68 89 
30 89 88 42 62 21 12 38 40 55 
12 29 60 8 95 97 42 57 9 91 
79 42 19 24 97 68 89 13 21 95 
4 32 43 100 26 80 94 35 27 86 
36 91 2 18 47 71 97 12 93 32 
88 40 68 21 8 12 51 42 81 34 
18 78 6 41 80 29 47 20 96 46 
12 84 32 3 49 68 18 41 67 91 
12 6 35 81 19 42 32 8 97 57 
78 43 21 24 89 12 48 85 64 97 
81 18 23 4 47 43 94 20 12 67 
32 24 79 42 12 89 91 9 18 94 
12 23 78 18 11 42 100 20 93 68 
80 12 86 40 99 46 100 43 90 20 
47 81 40 12 30 86 10 94 46 74 
12 30 85 99 86 76 37 98 40 49 
34 2 67 42 69 88 8 99 12 49 
30 42 39 12 1 35 51 81 96 86 
18 78 12 94 23 40 32 96 49 35 
84 30 26 7 96 49 18 38 42 99 
74 57 12 30 42 97 18 99 10 91 
77 29 18 1 51 12 41 81 46 24 
9 24 83 42 86 33 40 50 12 60 
13 18 63 30 43 37 46 57 4 36 
19 31 21 42 79 11 29 99 8 13 
66 77 30 34 45 99 96 12 46 64 
68 12 22 46 30 11 86 48 84 94 
4 42 13 21 27 80 8 93 99 40 
78 2 32 43 85 41 47 12 91 90 
67 12 27 42 37 46 24 97 94 89 
89 47 58 54 36 32 99 41 9 43 
84 4 30 36 100 87 12 51 40 89 
1 43 29 26 68 82 87 95 99 13 
2 84 25 89 87 42 4 12 45 47 
72 99 40 85 29 12 9 91 100 94 
30 9 79 42 95 49 87 38 22 13 
12 30 97 42 63 38 78 24 18 49 
12 29 9 18 99 98 33 89 24 40 
43 31 86 30 12 79 38 47 57 94 
10 24 19 79 13 39 97 94 92 43 
9 70 93 86 30 61 22 88 82 13 
43 57 99 23 56 12 30 42 79 50 
9 35 19 78 43 32 95 41 91 39 
43 87 1 99 34 91 42 32 8 100 
18 34 57 84 9 29 43 60 91 96 
33 78 1 42 12 86 40 72 8 91 
24 3 68 49 88 12 21 44 89 99 
30 46 19 12 100 36 77 10 72 21 
79 89 38 42 27 12 57 100 22 15 
51 12 46 8 40 99 87 36 67 27 
30 42 98 12 57 85 35 99 8 55 
84 18 66 4 94 48 82 30 95 39 
54 29 48 4 68 85 66 64 12 34 
77 100 18 30 96 13 43 73 1 47 
2 68 25 43 30 18 13 40 44 19 
82 96 29 38 13 42 11 18 50 8 
32 12 88 15 68 96 89 48 94 35 
1 18 29 67 42 8 91 37 99 54 
12 5 67 86 61 30 42 99 22 91 
65 8 12 22 21 43 68 19 90 23 
77 32 93 5 16 12 96 48 86 56 
22 5 80 99 32 87 43 46 94 40 
12 29 80 86 38 8 42 97 99 48 
33 87 9 41 82 95 48 43 44 12 
47 78 12 58 87 30 6 21 99 57 
1 18 68 43 24 32 13 100 57 61 
46 79 43 12 21 25 60 40 64 9 
12 21 74 43 24 15 89 19 2 96 
40 32 65 1 100 80 19 50 12 39 
22 41 84 12 73 90 5 25 18 17 
18 33 42 48 41 12 92 80 47 93 
21 40 13 42 3 90 68 24 29 37 
30 92 87 46 16 57 12 81 99 100 
91 81 29 9 73 41 18 4 95 80 
18 78 12 42 30 5 94 67 63 49 
40 2 12 20 78 22 100 44 94 32 
13 42 20 99 19 11 78 29 90 47 
17 49 12 6 54 29 91 97 78 46 
26 12 42 99 28 57 9 66 87 100 
12 9 36 54 96 43 80 18 30 38 
4 51 36 19 83 100 29 89 40 13 
46 12 78 19 29 53 50 26 61 43 
41 10 49 19 62 30 38 99 39 90 
1 61 32 12 47 80 40 37 14 45 
38 32 1 54 42 13 96 46 89 19 
65 37 43 83 18 7 57 8 12 30 
32 42 13 79 89 18 5 96 35 94 
30 24 45 19 10 97 83 41 78 99 
43 30 80 12 48 36 96 91 94 18 
29 41 88 43 57 37 68 3 13 49 
70 25 40 52 42 89 87 29 11 48 
12 86 32 81 36 99 91 74 40 2 
13 32 61 43 18 4 39 48 95 82 
78 15 12 73 30 46 2 91 37 51 
75 52 8 18 100 12 30 99 91 42 
32 80 9 86 12 46 18 99 94 54 
52 37 5 86 51 42 32 97 94 8 
12 86 29 82 43 38 8 92 99 100 
42 18 52 30 12 46 48 38 99 100 
29 81 96 18 100 47 12 37 41 10 
80 35 12 29 86 41 99 9 65 47 
29 18 9 49 35 71 34 82 93 98 
30 40 14 38 78 24 96 6 12 23 
12 33 40 96 86 9 51 92 63 84 
63 100 20 13 99 54 98 29 41 18 
70 54 11 7 37 30 47 43 18 86 
27 42 44 12 22 80 99 57 98 28 
89 32 46 79 12 14 51 66 45 96 
