74 79 54 67 73 56 52 72 61 83
4 61 41 12 30 20 22 90 51 67
61 27 42 100 89 13 98 38 63 9
43 5 89 69 20 62 18 12 92 99
99 51 66 90 13 37 87 9 57 32
52 25 86 49 21 38 8 13 94 22
60 78 67 58 19 59 80 73 86 89
22 12 96 43 79 99 8 30 52 86
12 43 98 18 53 39 41 59 61 3
74 75 80 70 81 68 52 53 73 67
2 65 34 43 32 13 98 57 96 50
97 71 83 47 91 28 35 42 12 2
29 84 96 57 37 36 93 43 76 10
4 32 94 86 16 82 35 57 36 73
74 63 80 52 19 8 11 93 42 91
12 29 22 92 18 94 74 20 42 53
12 86 37 6 46 68 30 61 39 50
27 73 78 83 71 31 30 79 94 41
32 67 42 96 33 2 14 11 24 77
13 37 8 68 42 86 61 28 57 50
52 24 43 12 35 57 99 86 8 5
68 89 47 27 58 18 13 37 29 91
22 46 61 30 13 41 42 85 89 96
12 4 29 73 41 36 87 81 42 100
7 27 14 81 47 74 98 37 89 57
2 36 18 78 29 43 97 51 26 54
65 18 26 57 43 49 12 46 96 82
22 55 21 42 4 86 34 33 12 67
35 48 42 62 29 9 37 72 31 100
67 46 13 52 42 95 31 60 32 7
45 43 6 12 53 99 85 10 54 65
91 56 41 29 96 19 70 90 14 92
53 9 80 26 91 94 19 32 35 39
80 12 29 62 8 6 24 74 46 98
29 68 89 41 22 12 55 86 91 80
77 87 86 56 9 90 17 67 60 61
32 78 12 43 86 35 57 8 56 100
43 26 12 9 91 25 21 81 57 37
77 8 12 36 21 43 18 97 72 44
13 29 42 24 18 69 9 96 40 49
13 40 60 98 49 86 24 21 91 57
13 69 51 20 26 38 57 73 33 24
77 78 84 81 54 52 56 65 25 80
12 42 99 81 24 5 98 54 32 91
12 2 84 18 36 43 52 46 8 23
91 18 30 24 77 46 4 12 27 66
40 9 34 12 76 21 37 33 59 18
8 35 65 85 40 43 59 86 12 57
38 81 12 41 47 76 100 57 85 29
93 63 12 22 99 18 21 42 57 39
70 40 86 2 8 48 31 98 46 37
5 41 34 96 35 59 44 75 65 12
32 14 21 42 57 94 50 84 97 12
42 13 30 24 78 38 50 5 86 43
19 28 63 34 82 90 32 46 13 100
12 80 95 47 8 1 33 21 61 87
78 26 46 5 86 12 57 94 23 44
18 79 13 99 95 29 63 46 47 9
17 70 33 18 13 48 39 96 98 9
79 57 35 13 32 11 18 21 49 46
18 13 8 31 68 45 44 99 21 48
13 3 24 48 53 92 21 18 78 14
2 40 29 98 83 96 89 88 61 50
95 29 38 13 11 8 18 94 46 70
33 48 12 84 9 36 42 8 19 96
94 1 39 28 79 85 24 43 36 38
26 12 79 46 32 40 18 100 6 77
35 1 88 80 47 40 99 92 98 33
12 70 30 53 57 100 86 11 96 99
81 42 94 12 25 54 40 100 51 46
8 89 3 54 45 37 23 30 36 48
32 61 12 81 42 6 26 80 91 78
4 16 82 95 25 86 48 30 8 79
4 81 18 23 67 13 92 30 68 3
21 7 8 18 12 99 22 68 24 85
13 30 6 41 78 85 26 44 51 97
40 9 30 55 98 68 49 62 13 86
81 84 71 24 32 49 40 94 29 37
58 31 36 97 45 18 28 12 87 8
36 43 9 78 19 57 21 89 48 100
8 21 65 5 57 43 14 24 51 99
66 9 21 37 43 100 29 18 50 82
19 37 79 1 95 13 57 14 100 96
61 21 8 1 33 100 87 35 38 77
12 32 67 9 35 90 46 40 94 87
12 100 67 46 18 51 26 99 57 28
29 67 9 46 43 95 17 21 8 59
26 18 43 46 40 45 47 73 98 9
18 26 69 25 2 43 61 8 38 72
54 17 1 50 32 12 90 28 46 8
94 26 13 76 46 25 1 100 8 85
89 24 58 40 7 12 29 35 67 57
4 13 19 51 24 33 20 88 78 100
34 79 43 8 22 19 13 46 30 94
76 47 99 12 32 57 21 98 86 42
23 12 82 46 18 8 94 9 43 96
68 14 12 42 97 20 1 79 91 40
30 43 99 37 13 19 80 46 94 98
78 68 29 12 18 46 99 8 39 35
28 36 12 99 67 15 18 95 94 40
60 96 20 38 10 43 33 44 11 66
12 68 89 25 96 47 86 65 57 42
13 14 42 30 41 51 92 94 4 83
35 43 99 13 85 89 57 77 95 100
27 10 60 72 91 86 42 57 47 39
21 48 57 79 11 26 13 90 18 64
78 7 65 40 73 59 96 32 99 57
36 81 2 18 46 99 91 13 55 86
81 43 27 9 12 87 51 20 96 68
1 32 78 46 86 38 98 65 8 22
9 80 43 57 32 24 18 41 12 47
10 34 76 42 12 18 30 70 95 97
9 99 24 66 32 19 40 90 14 60
18 98 62 38 12 51 21 57 50 3
68 18 88 12 97 25 94 57 39 6
21 22 43 66 94 18 12 95 57 39
6 32 63 49 22 99 21 98 87 100
9 78 34 42 12 30 99 86 54 51
57 55 43 13 19 3 53 22 28 35
6 55 91 12 87 41 32 97 19 67
14 46 63 4 8 98 21 44 31 85
85 27 38 46 21 25 73 9 12 57
9 42 27 49 34 29 80 12 39 18
12 43 65 98 32 86 41 35 97 8
70 32 25 17 23 47 43 69 26 77
12 20 43 22 17 21 15 41 23 38
61 13 8 35 18 57 21 49 91 98
30 46 63 38 4 28 15 14 57 8
35 3 82 79 43 66 21 99 18 8
69 24 29 13 46 19 84 51 57 59
29 22 5 40 51 43 81 85 62 98
68 18 22 80 76 40 4 11 24 32
13 37 40 81 32 6 99 83 86 15
30 42 11 66 57 28 24 88 12 100
29 14 7 78 96 42 8 38 57 61
8 27 67 49 12 85 100 57 43 46
10 46 32 98 39 67 94 86 13 36
79 5 12 42 22 95 19 96 21 48
58 32 37 11 46 43 9 50 12 18
11 31 98 78 59 44 63 99 41 8
8 14 60 48 1 32 17 13 57 91
40 22 6 12 11 18 80 57 94 30
84 1 32 48 12 8 22 46 57 97
23 1 18 21 82 40 29 94 35 89
82 12 18 91 24 29 96 38 2 77
88 43 100 27 24 13 96 65 99 45
87 79 12 99 94 9 43 18 97 42
89 78 1 36 30 13 46 8 86 43
33 83 12 26 2 91 21 94 16 86
13 78 18 35 29 42 96 65 21 20
21 36 6 14 46 76 57 99 55 89
13 24 22 26 23 96 95 36 20 61
13 43 60 44 21 24 18 96 91 94
47 13 15 74 52 29 87 3 45 67
71 21 13 43 90 88 99 18 33 8
12 91 61 29 23 18 58 99 20 38
84 24 13 20 8 91 77 99 40 73
88 10 96 33 49 79 43 69 31 46
29 42 61 8 13 49 19 97 21 91
8 5 81 97 59 42 54 36 32 85
89 7 57 52 18 23 21 43 91 96
98 26 40 27 12 9 100 84 99 92
69 54 13 90 1 46 66 29 24 62
41 86 8 65 68 12 26 78 39 99
42 18 23 12 97 34 73 30 6 99
12 27 80 8 47 42 99 57 18 91
27 67 86 96 30 94 95 39 12 89
41 78 26 45 85 48 68 27 20 91
74 54 41 37 96 97 18 32 95 12
21 97 36 12 86 5 99 84 57 42
43 78 29 13 18 95 38 8 99 20
81 2 86 35 46 30 94 68 98 12
83 34 13 46 88 21 9 8 96 57
27 14 11 20 58 15 12 92 53 49
32 80 9 35 91 12 40 8 99 57
29 12 57 79 96 42 18 37 90 26
42 6 67 19 47 26 99 13 46 95
38 43 32 2 99 18 84 12 57 63
12 55 22 21 17 43 97 9 18 48
78 94 38 48 42 12 30 87 89 91
93 100 27 2 55 13 18 24 21 57
2 63 50 85 31 28 43 91 94 12
69 6 26 95 88 43 21 48 57 13
13 20 69 92 32 99 98 49 36 94
46 32 96 10 78 99 9 81 91 19
12 46 56 30 37 19 94 8 76 65
61 36 5 13 24 21 18 10 74 99
66 28 96 67 57 12 30 77 16 90
54 27 18 13 91 99 36 11 96 51
24 42 13 2 32 86 96 54 84 92
12 51 35 30 43 71 8 18 78 40
30 12 88 36 5 99 55 97 94 40
89 29 12 28 77 61 57 43 99 50
16 27 90 14 39 77 8 47 13 93
2 83 32 43 85 37 8 36 54 47
1 20 40 58 18 87 51 22 13 99
24 9 85 43 30 98 79 91 74 48
67 29 26 46 6 12 10 54 42 21
3 46 37 68 86 30 40 83 57 100
35 29 48 46 4 43 96 13 92 18
67 42 24 68 33 13 53 98 96 44
4 80 29 91 50 100 87 68 90 12
55 24 4 42 51 40 18 58 95 12
51 44 85 33 42 86 78 18 37 21
24 74 38 17 18 13 4 99 90 57
29 42 4 8 38 41 78 12 85 49
98 82 41 19 8 9 95 28 27 99
27 12 99 15 48 39 31 28 24 1
52 9 32 24 41 46 43 18 12 71
9 19 76 30 49 22 8 100 12 97
6 24 78 32 95 69 42 47 28 12
12 32 43 23 5 52 61 19 59 7
89 30 76 13 96 42 78 10 16 91
86 22 46 81 57 49 21 97 18 2
2 84 30 71 49 26 97 86 23 100
84 43 12 7 29 53 95 85 38 71
81 12 46 33 40 39 87 97 43 66
13 18 29 42 94 21 97 51 89 81
13 22 30 94 47 5 18 80 99 40
15 10 18 30 81 47 57 100 46 97
37 43 27 84 40 51 13 94 18 39
22 12 61 68 8 85 94 92 16 43
80 22 21 12 2 15 63 99 57 85
29 75 55 14 22 12 43 99 84 37
12 32 25 36 1 100 22 43 99 55
86 18 85 67 63 84 82 43 15 40
18 12 43 59 8 99 68 65 91 47
55 40 13 96 7 88 29 63 100 8
13 24 67 89 87 48 91 29 98 11
46 24 86 29 61 1 12 18 68 89
27 53 42 29 37 46 61 3 90 85
30 89 88 42 62 21 12 38 40 55
12 29 60 8 95 97 42 57 9 91
90 68 21 46 24 11 26 38 89 80
12 41 26 46 21 50 29 90 73 86
79 42 19 24 97 68 89 13 21 95
81 32 20 36 28 56 45 74 65 37
4 32 43 100 26 80 94 35 27 86
96 24 86 4 61 2 68 84 21 12
95 52 83 74 16 58 69 62 84 96
36 91 2 18 47 71 97 12 93 32
27 61 12 41 96 56 71 8 14 9
88 40 68 21 8 12 51 42 81 34
18 78 6 41 80 29 47 20 96 46
27 2 21 64 51 57 14 77 95 8
12 84 32 3 49 68 18 41 67 91
88 33 61 95 96 46 6 42 31 49
12 6 35 81 19 42 32 8 97 57
43 68 100 5 30 94 47 28 34 38
78 43 21 24 89 12 48 85 64 97
81 18 23 4 47 43 94 20 12 67
32 24 79 42 12 89 91 9 18 94
6 9 66 68 30 21 35 22 100 94
47 16 73 51 81 8 29 94 82 30
12 23 78 18 11 42 100 20 93 68
80 12 86 40 99 46 100 43 90 20
47 81 40 12 30 86 10 94 46 74
12 30 85 99 86 76 37 98 40 49
34 2 67 42 69 88 8 99 12 49
30 42 39 12 1 35 51 81 96 86
18 78 12 94 23 40 32 96 49 35
46 21 13 60 9 39 78 35 85 18
84 30 26 7 96 49 18 38 42 99
20 45 67 19 65 3 32 63 22 49
74 57 12 30 42 97 18 99 10 91
77 29 18 1 51 12 41 81 46 24
9 24 83 42 86 33 40 50 12 60
57 90 81 11 13 21 42 36 43 62
13 18 63 30 43 37 46 57 4 36
12 43 31 71 98 18 46 52 94 21
80 16 25 18 1 48 28 20 59 8
19 31 21 42 79 11 29 99 8 13
66 77 30 34 45 99 96 12 46 64
68 12 22 46 30 11 86 48 84 94
4 42 13 21 27 80 8 93 99 40
78 2 32 43 85 41 47 12 91 90
78 24 25 46 18 57 74 21 4 98
13 66 75 29 22 46 41 43 58 69
67 12 27 42 37 46 24 97 94 89
92 93 65 77 66 85 27 26 56 83
40 30 68 86 10 46 57 94 42 89
55 68 1 22 13 96 71 86 16 46
89 47 58 54 36 32 99 41 9 43
48 94 87 22 40 38 2 20 13 74
20 13 68 40 89 38 4 46 28 84
13 1 74 15 24 18 94 48 21 64
84 4 30 36 100 87 12 51 40 89
9 22 67 43 61 12 21 100 89 95
1 43 29 26 68 82 87 95 99 13
2 84 25 89 87 42 4 12 45 47
46 12 86 26 96 78 63 91 66 40
72 99 40 85 29 12 9 91 100 94
30 9 79 42 95 49 87 38 22 13
12 30 97 42 63 38 78 24 18 49
74 32 26 80 34 61 12 55 3 46
51 21 70 1 61 44 18 23 13 93
55 59 15 92 76 18 31 60 80 72
12 29 9 18 99 98 33 89 24 40
19 50 21 8 13 97 22 30 57 3
43 31 86 30 12 79 38 47 57 94
10 24 19 79 13 39 97 94 92 43
9 70 93 86 30 61 22 88 82 13
43 57 99 23 56 12 30 42 79 50
9 35 19 78 43 32 95 41 91 39
91 83 1 25 57 51 45 39 86 99
43 87 1 99 34 91 42 32 8 100
12 88 15 78 8 96 21 36 95 39
18 34 57 84 9 29 43 60 91 96
33 78 1 42 12 86 40 72 8 91
46 20 55 3 21 41 12 76 50 35
24 3 68 49 88 12 21 44 89 99
30 46 19 12 100 36 77 10 72 21
79 89 38 42 27 12 57 100 22 15
82 98 4 86 94 99 20 43 41 100
51 12 46 8 40 99 87 36 67 27
43 25 75 95 82 91 85 3 99 63
45 99 21 49 89 3 27 63 43 36
30 42 98 12 57 85 35 99 8 55
84 18 66 4 94 48 82 30 95 39
54 29 48 4 68 85 66 64 12 34
77 100 18 30 96 13 43 73 1 47
2 68 25 43 30 18 13 40 44 19
82 96 29 38 13 42 11 18 50 8
32 12 88 15 68 96 89 48 94 35
1 18 29 67 42 8 91 37 99 54
12 5 67 86 61 30 42 99 22 91
93 69 8 4 25 46 21 18 100 99
65 8 12 22 21 43 68 19 90 23
9 33 78 41 22 92 74 51 29 46
77 32 93 5 16 12 96 48 86 56
22 5 80 99 32 87 43 46 94 40
58 18 23 39 45 15 27 13 96 20
12 29 80 86 38 8 42 97 99 48
33 87 9 41 82 95 48 43 44 12
47 78 12 58 87 30 6 21 99 57
1 18 68 43 24 32 13 100 57 61
46 79 43 12 21 25 60 40 64 9
12 21 74 43 24 15 89 19 2 96
40 32 65 1 100 80 19 50 12 39
22 41 84 12 73 90 5 25 18 17
85 65 57 12 8 96 86 11 35 46
97 21 12 50 39 86 22 92 32 99
18 33 42 48 41 12 92 80 47 93
21 40 13 42 3 90 68 24 29 37
30 92 87 46 16 57 12 81 99 100
13 90 81 53 8 23 86 40 10 70
57 29 28 74 48 33 90 86 41 36
91 81 29 9 73 41 18 4 95 80
18 78 12 42 30 5 94 67 63 49
40 2 12 20 78 22 100 44 94 32
40 72 78 95 61 56 24 50 100 2
13 42 20 99 19 11 78 29 90 47
17 49 12 6 54 29 91 97 78 46
26 12 42 99 28 57 9 66 87 100
56 2 20 12 25 46 61 31 55 57
77 76 55 62 69 92 82 80 79 19
40 21 5 13 20 93 16 76 57 81
12 9 36 54 96 43 80 18 30 38
4 51 36 19 83 100 29 89 40 13
2 38 13 67 46 32 54 100 8 86
12 9 20 36 43 87 37 42 24 46
81 9 21 41 42 25 47 34 86 49
91 21 22 68 6 16 82 42 19 85
66 32 81 18 55 54 58 67 14 63
29 86 36 5 79 12 26 38 63 28
46 12 78 19 29 53 50 26 61 43
41 10 49 19 62 30 38 99 39 90
32 12 57 18 43 67 8 45 63 90
74 11 50 40 42 29 8 57 99 13
12 89 53 92 31 96 57 17 67 61
42 35 21 13 96 70 94 87 49 57
1 61 32 12 47 80 40 37 14 45
38 32 1 54 42 13 96 46 89 19
65 37 43 83 18 7 57 8 12 30
32 42 13 79 89 18 5 96 35 94
30 24 45 19 10 97 83 41 78 99
43 30 80 12 48 36 96 91 94 18
29 41 88 43 57 37 68 3 13 49
70 25 40 52 42 89 87 29 11 48
38 86 95 52 2 40 90 13 94 99
24 21 47 79 12 99 60 98 86 17
1 29 28 18 94 45 8 61 90 13
24 84 80 23 74 58 45 88 93 10
13 46 55 29 57 39 89 19 2 38
37 82 7 100 64 46 53 12 89 92
12 86 32 81 36 99 91 74 40 2
13 32 61 43 18 4 39 48 95 82
78 15 12 73 30 46 2 91 37 51
34 46 74 81 28 14 29 85 25 89
12 33 8 3 96 86 43 58 61 44
23 67 96 16 85 41 12 65 97 39
75 52 8 18 100 12 30 99 91 42
6 72 19 68 8 25 96 33 74 38
32 80 9 86 12 46 18 99 94 54
54 50 26 8 10 56 35 2 24 12
52 37 5 86 51 42 32 97 94 8
78 12 43 6 22 85 94 87 57 8
13 70 6 37 8 57 49 46 93 87
29 15 12 6 59 91 21 86 66 89
53 89 87 9 40 31 43 34 16 86
5 34 83 18 91 71 94 57 13 85
12 86 29 82 43 38 8 92 99 100
65 84 56 38 53 28 80 30 73 60
42 18 52 30 12 46 48 38 99 100
29 81 96 18 100 47 12 37 41 10
35 85 28 74 31 27 43 69 41 46
32 68 65 25 74 61 67 80 56 79
3 12 8 18 22 29 61 57 63 45
80 35 12 29 86 41 99 9 65 47
29 18 9 49 35 71 34 82 93 98
30 40 14 38 78 24 96 6 12 23
12 33 40 96 86 9 51 92 63 84
63 100 20 13 99 54 98 29 41 18
70 54 11 7 37 30 47 43 18 86
27 42 44 12 22 80 99 57 98 28
89 32 46 79 12 14 51 66 45 96
81 63 86 58 46 42 57 32 40 93
67 74 58 2 29 27 61 68 91 10
