9 50 89 30 58 15 83 75 32 38
8 56 32 37 57 14 45 74 33 31
14 9 17 24 18 11 8 22 3 4
6 55 50 33 37 11 86 39 27 38
6 30 58 37 77 38 7 40 47 48
6 78 89 51 70 27 11 34 19 39
99 17 51 22 36 31 50 38 87 28
49 6 63 31 11 33 96 87 38 15
84 8 32 89 70 50 38 78 80 42
53 58 7 36 31 11 28 89 38 15
48 78 67 44 59 55 40 91 85 66
69 12 54 8 79 39 83 85 49 77
59 89 5 28 38 70 66 27 30 60
74 54 95 77 50 49 92 52 53 71
97 20 28 38 44 58 39 36 89 31
2 32 45 75 31 33 89 37 79 38
17 44 32 39 6 71 15 85 33 37
6 72 41 89 82 38 36 11 30 80
24 85 37 5 98 11 53 33 66 89
27 91 33 44 89 29 39 61 78 25
30 89 42 82 48 38 33 36 11 66
27 50 87 29 55 80 24 26 49 74
50 94 17 13 6 39 65 85 10 55
7 89 32 48 75 33 38 11 90 58
7 48 23 89 34 39 46 63 74 42
4 79 89 28 98 3 74 58 63 33
33 82 22 38 5 59 89 80 30 95
6 31 54 98 81 37 96 33 60 29
85 6 49 89 79 58 36 12 91 99
88 28 38 17 21 48 11 36 90 81
7 38 33 63 54 71 31 60 84 11
80 18 58 55 19 2 79 98 66 29
50 18 76 37 11 25 32 97 89 87
18 100 22 85 29 89 36 17 66 33
51 42 8 89 65 30 54 18 33 31
82 55 32 63 81 34 26 33 13 66
97 57 80 30 11 3 74 44 55 45
26 43 71 33 66 30 37 32 27 84
91 8 30 79 11 58 43 7 89 5
24 38 51 18 74 60 15 23 66 41
27 8 23 81 70 17 25 24 2 6
5 6 49 32 51 55 15 74 89 27
8 86 89 70 32 50 33 66 67 58
6 23 8 55 89 44 33 27 10 85
67 24 79 29 58 73 33 27 89 37
22 49 38 80 83 89 66 28 37 33
8 92 43 11 38 39 36 79 89 63
30 14 51 74 17 23 38 94 58 78
89 55 6 22 48 59 44 53 46 17
6 48 27 21 37 38 8 47 89 66
72 63 98 32 58 36 20 57 11 38
25 89 43 83 37 11 94 31 92 38
25 2 89 75 54 36 22 39 45 17
8 42 45 30 92 37 89 32 80 6
17 33 82 7 43 29 38 39 30 58
8 44 30 75 26 21 33 36 94 15
25 33 11 37 44 29 43 89 58 78
46 6 30 37 84 66 38 91 65 33
49 5 66 38 89 33 74 58 30 39
85 7 11 37 66 38 30 26 33 51
7 53 28 11 38 89 42 1 29 10
19 45 38 33 6 89 80 87 32 39
6 4 18 10 64 33 42 99 28 44
84 40 52 45 39 51 61 34 69 97
48 2 54 52 18 6 23 25 26 80
6 81 38 30 63 33 34 84 44 89
7 32 38 49 80 54 37 63 66 3
86 25 44 10 95 62 36 60 30 89
2 22 48 85 31 39 45 38 42 11
48 2 35 33 39 88 66 91 37 60
56 8 7 48 42 16 37 29 32 11
25 23 34 33 89 37 76 77 86 27
8 36 65 84 50 11 79 29 74 58
17 4 75 58 48 29 44 27 42 91
19 91 24 39 38 66 55 97 31 58
70 51 36 11 5 84 25 57 32 37
43 32 2 23 94 44 84 38 11 34
51 70 6 38 11 89 36 30 66 79
51 60 16 37 31 33 71 11 89 30
29 6 38 33 36 89 85 70 61 39
6 48 38 74 2 30 33 44 87 15
9 48 89 31 38 63 11 60 97 33
51 6 89 30 43 28 38 14 86 19
25 89 48 65 39 30 17 91 36 38
27 89 55 39 38 60 34 32 44 6
17 19 89 39 36 11 32 55 33 1
6 76 50 89 39 64 22 35 30 60
1 6 25 55 48 89 30 84 33 59
93 61 80 51 13 65 38 74 18 25
51 3 15 33 90 69 66 58 39 11
20 48 30 53 79 63 12 89 33 44
91 2 55 50 75 38 19 32 89 36
8 25 58 85 40 42 11 77 89 81
6 55 30 58 89 32 68 50 15 36
25 43 58 20 75 30 79 66 22 89
48 25 11 31 38 88 15 98 7 75
85 63 42 32 2 33 48 11 38 64
20 43 33 84 89 79 58 42 32 41
19 31 50 39 33 32 58 36 2 66
6 32 37 89 44 48 82 63 33 75
5 34 51 76 96 6 33 40 52 44
33 6 51 38 11 44 80 32 37 78
8 50 32 37 38 99 89 57 63 23
54 5 33 36 47 63 74 11 84 31
32 62 49 21 33 11 89 84 38 58
8 98 89 53 11 84 31 55 19 56
3 41 38 33 39 63 7 45 32 30
24 44 61 28 11 62 89 37 38 30
58 89 20 63 37 31 28 76 11 17
62 3 98 89 33 30 36 49 22 31
68 18 44 89 29 5 33 32 38 66
5 38 54 89 32 63 11 44 74 33
6 32 11 46 30 38 66 33 39 62
6 47 74 32 42 36 38 85 33 90
55 9 32 38 44 40 80 30 36 58
6 11 55 33 38 94 31 86 66 54
7 59 37 63 50 75 2 74 30 33
7 37 41 5 21 66 78 60 38 25
28 46 25 11 31 36 32 84 30 33
25 70 32 67 78 29 36 98 79 58
23 45 33 36 7 38 81 86 27 62
89 38 50 5 32 36 98 33 99 66
36 74 6 11 70 20 33 57 58 1
89 38 58 50 30 11 36 87 22 66
49 31 19 79 81 38 84 34 33 11
22 33 54 30 85 89 37 58 34 63
6 74 53 70 38 98 11 30 91 50
23 70 50 37 87 33 84 7 34 98
41 64 2 15 36 38 63 4 18 74
66 8 42 36 93 79 11 28 32 80
48 66 30 27 38 82 32 42 57 33
43 8 58 30 38 25 57 80 4 55
6 66 12 37 90 38 80 32 30 33
6 33 99 82 63 11 30 66 37 98
56 6 79 38 66 33 11 12 30 35
58 8 46 39 37 89 33 32 44 66
7 51 71 33 32 18 72 38 66 85
74 16 39 58 33 37 25 63 98 11
43 27 33 32 38 20 30 11 66 89
29 6 89 99 19 39 36 38 21 70
21 7 56 89 30 46 38 11 86 74
8 38 89 50 29 17 74 59 87 98
29 24 49 38 66 89 36 90 71 84
33 1 31 60 43 11 84 89 73 63
38 33 1 17 46 32 81 29 37 25
82 45 33 38 36 84 55 10 29 89
8 51 58 74 5 39 76 7 32 60
6 38 53 14 33 32 70 15 37 83
8 44 30 29 46 57 42 37 50 17
5 89 82 55 20 2 80 52 83 27
38 6 58 29 62 33 66 39 89 28
25 89 43 75 80 30 33 41 7 29
6 51 11 33 80 58 38 74 57 8
8 89 49 38 84 31 33 80 11 27
5 11 22 80 49 48 31 81 33 66
25 2 26 22 40 39 85 74 67 8
6 43 34 27 18 89 19 22 31 90
6 11 58 98 32 38 34 76 30 3
7 54 59 84 32 11 39 29 33 66
24 81 40 31 89 48 26 38 56 23
30 25 55 89 38 45 84 11 72 17
6 40 11 38 58 84 31 23 89 30
47 24 17 22 26 79 89 62 27 11
81 25 30 33 90 50 36 11 12 42
7 58 74 66 85 31 39 38 54 17
38 22 40 32 89 66 64 33 85 11
22 55 89 38 30 66 33 92 37 32
20 78 44 94 38 25 39 73 30 33
93 27 41 26 11 38 30 33 58 29
19 52 55 31 80 12 33 36 44 85
50 2 85 31 37 89 11 33 28 29
69 6 81 11 74 38 60 89 49 94
69 7 48 21 44 56 1 79 33 40
12 50 91 30 39 38 78 81 88 25
7 61 35 36 32 60 80 63 89 38
82 25 79 51 67 58 29 6 87 98
9 36 67 77 26 86 55 33 75 66
6 94 54 71 37 30 39 33 89 93
39 50 84 5 30 20 42 87 47 36
7 80 11 30 33 38 51 5 66 59
6 85 32 36 11 73 49 30 28 58
11 20 33 46 66 30 40 38 77 55
55 89 99 20 38 32 80 33 88 39
16 89 92 25 83 63 12 17 87 11
8 11 30 80 72 66 21 98 85 19
78 58 89 43 94 37 80 32 86 17
6 66 38 39 65 30 1 84 89 37
6 44 38 43 11 89 70 91 94 32
74 6 64 33 89 30 15 70 26 98
2 60 77 33 55 58 38 25 39 99
4 98 85 19 20 31 30 71 58 99
82 7 11 42 25 33 89 38 18 77
91 6 70 38 31 12 15 62 74 33
8 38 83 33 32 44 37 25 48 30
98 25 82 38 11 39 89 76 30 66
39 4 64 71 40 29 11 33 57 66
55 15 91 21 58 62 74 42 49 37
62 9 32 79 11 37 30 38 89 33
6 51 79 62 27 65 75 47 83 56
27 22 30 56 46 58 98 36 38 43
89 76 25 58 32 37 11 33 43 86
8 55 37 50 15 58 11 32 38 27
85 44 8 23 54 89 33 11 38 58
2 49 32 58 84 42 97 15 18 60
5 31 11 28 37 54 3 89 91 33
50 18 36 66 38 39 33 83 75 30
22 24 48 59 38 58 31 75 33 11
89 80 6 47 30 42 11 1 38 60
38 51 26 25 31 66 33 63 17 60
30 18 19 74 6 10 11 65 75 98
8 74 89 38 30 49 82 88 39 66
79 8 11 37 31 83 46 89 34 52
24 20 6 30 86 85 19 5 34 54
23 41 33 38 5 30 11 79 85 44
55 13 6 38 58 37 79 88 60 59
25 11 63 37 98 62 55 76 89 27
30 33 43 25 90 58 11 89 79 28
81 50 6 30 74 91 83 27 64 32
8 89 5 44 40 62 57 36 30 81
39 8 50 74 30 36 11 33 58 60
65 44 6 83 66 33 38 85 32 39
25 100 11 40 33 31 38 20 58 10
25 2 67 65 66 34 58 21 56 44
5 81 30 43 20 71 89 38 98 23
86 24 32 39 56 33 40 64 83 37
7 50 30 96 31 56 89 16 21 33
25 6 89 97 51 74 33 29 30 70
48 7 78 80 36 32 18 56 84 38
49 4 19 63 89 79 70 29 80 38
88 2 72 11 42 53 21 38 79 61
9 89 30 58 41 27 50 85 38 12
48 91 33 7 8 50 30 42 89 44
27 9 34 29 86 76 37 38 31 83
7 30 33 73 79 89 11 84 42 36
22 55 50 5 41 66 38 30 21 11
8 7 54 62 36 60 26 33 4 98
89 28 91 46 80 12 19 76 30 48
34 24 18 25 33 38 31 11 58 63
80 33 2 50 11 36 64 37 84 89
7 43 65 33 59 86 52 3 97 37
27 71 38 30 25 51 37 11 66 96
6 26 30 85 33 49 66 83 38 89
20 7 27 85 53 51 90 74 67 15
74 44 4 11 66 55 36 32 58 30
18 6 51 36 55 30 58 50 33 38
25 4 2 30 5 7 74 22 81 26
26 6 55 33 85 38 36 3 11 66
56 16 38 84 51 39 37 23 43 26
91 24 37 32 89 38 12 49 33 55
38 8 50 33 80 32 63 90 52 92
5 44 51 80 32 83 8 38 11 75
89 90 25 33 53 59 79 87 38 36
18 37 33 32 82 49 87 38 28 66
8 39 33 53 67 45 28 88 44 89
79 18 56 11 91 31 39 36 74 38
2 81 29 89 50 66 36 30 38 32
37 1 47 80 69 33 89 11 46 58
54 22 60 36 79 11 29 89 98 38
40 81 3 74 33 73 34 15 91 89
30 57 38 14 32 44 86 62 37 11
49 26 65 33 67 32 36 63 90 4
38 6 54 66 32 23 58 36 82 42
6 48 28 53 51 37 38 32 55 33
67 20 29 43 66 36 95 38 86 11
25 42 56 38 6 30 89 73 66 3
79 25 89 48 84 75 44 11 39 38
4 42 30 38 84 74 27 47 11 55
81 25 46 85 29 8 66 39 89 38
35 26 65 7 76 54 60 41 18 52
79 32 37 6 75 50 29 68 30 89
52 30 25 38 89 90 36 57 50 60
4 32 48 80 78 49 92 33 44 66
48 17 31 99 58 10 11 37 25 54
8 50 85 39 30 45 38 98 66 25
61 80 36 88 31 44 34 17 29 73
6 91 44 36 80 31 1 33 43 90
6 74 56 38 26 30 87 15 91 50
42 30 85 25 59 38 33 11 48 80
8 70 51 25 38 33 42 29 17 50
91 1 61 37 29 60 89 33 39 79
24 51 90 80 55 45 75 71 63 22
21 50 32 80 37 58 78 33 84 66
8 48 33 11 81 32 38 63 30 89
5 67 33 17 99 74 30 36 51 25
8 7 23 81 61 48 72 2 38 33
85 55 32 8 67 84 21 58 89 36
6 48 89 49 30 66 57 68 38 27
42 38 7 30 71 11 37 32 33 89
21 51 37 11 33 3 6 71 36 28
89 4 41 74 38 11 37 30 58 66
22 99 33 51 1 32 30 76 23 79
7 79 62 73 66 89 32 30 23 45
50 100 95 23 98 85 67 38 71 13
32 77 48 2 38 58 89 10 33 23
6 50 36 38 30 27 11 98 32 19
25 51 94 39 83 74 86 50 42 63
2 44 30 36 33 39 50 31 80 11
32 3 87 55 89 85 36 11 39 63
6 32 50 58 83 37 98 89 38 18
93 28 8 89 37 30 29 33 42 39
25 43 61 6 30 58 22 63 27 54
54 25 89 44 31 75 23 11 38 98
20 70 33 48 36 79 73 38 17 11
6 33 86 48 38 89 66 11 31 28
25 28 38 11 30 17 8 90 33 66
9 30 36 45 91 66 88 80 79 33
47 4 22 30 58 75 89 28 48 79
33 71 26 11 36 30 45 49 60 32
6 73 48 89 44 37 66 74 97 87
22 41 73 29 89 37 58 66 38 80
16 12 8 71 33 51 31 39 38 36
97 21 91 70 39 33 29 32 16 37
7 9 2 50 48 11 38 17 30 52
76 2 30 79 75 37 66 39 89 42
46 58 6 21 81 8 95 30 98 17
2 1 83 94 60 49 84 77 44 11
50 7 30 89 29 38 84 80 62 44
23 57 45 89 36 11 38 53 98 1
89 7 56 80 83 66 6 44 19 58
81 6 15 31 57 2 54 28 51 99
22 34 11 38 48 33 98 32 58 88
6 71 74 30 89 50 39 37 11 7
64 4 37 3 30 93 80 58 18 41
74 42 26 89 31 85 38 11 36 60
21 59 51 75 72 88 80 69 31 79
30 58 2 44 38 89 42 23 51 55
17 36 6 71 28 8 30 3 25 50
38 30 8 11 48 27 17 89 33 57
5 29 36 45 31 3 58 22 39 52
6 51 89 32 66 33 78 44 98 58
8 25 27 5 6 14 21 24 2 26
7 81 32 39 43 89 37 38 30 34
8 49 30 89 37 27 36 33 57 60
36 4 51 30 33 89 90 39 57 11
22 38 80 36 63 27 65 82 16 41
7 85 98 74 58 23 1 51 80 90
9 37 91 89 33 80 62 98 32 12
91 25 32 98 89 50 66 57 37 75
66 50 61 90 40 72 17 48 54 22
69 55 97 48 79 6 81 25 76 31
25 41 33 37 88 38 89 15 21 31
17 57 30 39 51 89 11 75 33 66
100 56 48 62 33 21 98 10 4 71
31 33 86 36 17 60 44 47 75 38
45 9 89 47 70 32 39 34 12 66
1 10 40 22 35 26 69 83 14 65
62 74 11 7 89 37 33 31 66 39
44 89 85 63 18 62 32 8 50 38
32 11 33 43 2 30 83 66 38 90
6 27 42 85 53 74 24 58 46 50
38 33 2 27 30 50 37 89 53 11
19 37 61 29 89 75 33 11 96 39
22 41 79 6 53 33 45 39 89 38
40 68 9 17 38 33 81 12 21 58
40 6 73 30 43 37 11 23 5 66
89 6 30 33 36 38 58 11 48 23
38 11 24 30 33 75 53 37 66 12
25 21 79 68 89 11 81 43 53 33
24 84 80 23 74 58 45 88 93 10
85 44 58 22 67 30 37 65 53 38
55 21 33 38 85 50 75 12 11 88
22 33 66 76 32 42 80 82 89 38
25 29 46 38 58 73 74 11 63 33
95 33 22 30 17 58 98 36 47 85
34 46 74 90 48 88 29 56 39 6
48 9 29 89 33 75 39 35 80 62
43 89 4 37 30 39 34 84 66 15
89 3 23 36 30 86 51 80 33 38
33 17 46 36 38 30 78 21 39 26
75 52 8 58 84 89 39 37 30 63
49 3 29 40 38 6 23 74 37 95
42 9 19 70 60 80 45 62 36 79
25 85 4 54 38 89 66 65 80 29
54 50 26 8 10 56 35 2 24 12
23 89 75 42 11 10 39 30 33 58
30 27 89 2 11 51 38 98 46 28
49 83 60 6 36 33 74 30 38 42
70 3 100 30 42 32 36 12 91 11
7 44 89 38 99 34 11 84 48 21
11 8 19 22 17 10 24 4 23 60
48 23 31 38 58 33 37 11 25 63
55 12 58 11 35 74 52 50 66 38
53 32 7 89 39 57 11 79 58 55
40 18 30 89 85 66 38 11 9 87
77 41 53 49 30 35 47 91 12 51
11 30 8 51 37 79 33 85 40 25
45 84 20 30 11 6 41 38 97 33
43 76 54 99 30 45 56 51 85 72
6 70 39 58 33 11 62 42 40 89
48 99 26 19 1 8 75 38 37 70
86 37 20 32 99 72 7 80 12 33
51 58 38 66 81 23 85 11 6 78
44 48 89 38 25 30 28 66 11 18
17 32 71 38 25 33 44 90 66 58
91 58 2 48 83 33 36 42 7 84
27 58 44 89 38 35 1 39 50 87
51 56 27 6 80 61 49 69 97 47
