62 68 63 59 66 73 57 75 56 60
5 68 69 71 28 93 49 41 99 82
78 83 88 4 3 99 68 72 40 5
88 68 57 5 78 39 2 54 38 100
58 63 66 93 5 53 29 77 82 95
99 92 66 97 86 77 4 7 2 82
78 71 68 64 94 23 100 82 34 8
70 49 80 87 99 96 3 94 68 97
63 69 56 55 72 71 59 58 70 73
48 78 83 54 87 7 95 49 41 2
69 7 22 8 79 58 6 10 27 41
72 40 93 6 29 77 54 99 27 3
72 77 90 52 28 64 83 8 45 98
66 56 59 55 67 68 64 58 65 73
71 97 83 91 7 5 8 98 78 1
66 5 26 77 98 53 1 83 73 62
5 66 72 54 77 82 95 92 45 10
2 70 46 86 81 20 53 6 100 95
8 58 23 5 77 1 78 82 9 95
100 87 7 96 99 86 70 80 45 53
72 5 23 93 37 86 80 66 14 96
62 94 95 5 67 82 80 29 66 49
5 53 93 23 59 67 83 95 1 99
27 50 87 46 59 47 51 64 77 84
66 83 35 15 46 82 67 8 19 32
68 72 77 27 15 84 99 98 54 6
68 89 53 87 96 74 1 81 39 28
66 49 5 95 99 84 92 21 78 54
23 60 8 55 84 99 6 77 11 93
73 81 93 99 26 82 1 95 67 3
68 71 63 85 53 26 96 10 100 5
57 42 100 5 92 98 84 22 34 77
67 94 63 1 95 100 68 77 5 76
68 24 99 5 6 85 77 70 25 37
68 67 97 50 10 5 7 40 87 96
55 53 77 5 35 93 18 10 59 96
72 52 86 28 91 64 44 83 23 27
79 40 68 93 85 53 3 5 95 98
71 55 66 94 87 52 67 80 8 99
76 81 94 71 6 100 80 28 1 97
36 14 23 20 32 53 54 45 94 29
93 50 54 5 66 57 36 84 97 79
89 100 5 58 49 83 8 26 80 95
8 66 82 91 75 99 88 53 15 80
82 26 77 94 5 95 57 68 55 98
77 49 69 59 26 94 6 84 13 95
88 69 6 24 98 80 85 99 97 67
70 50 94 66 98 5 84 1 79 99
93 50 63 80 99 82 96 2 98 1
72 93 23 82 52 16 78 39 5 98
83 99 33 2 94 52 76 80 10 98
55 50 6 1 33 83 80 99 38 4
68 77 94 96 5 97 99 98 64 86
72 66 53 46 98 80 8 5 39 86
19 72 28 67 38 27 53 96 100 6
93 66 6 53 100 95 80 84 30 26
69 78 53 5 98 87 92 97 67 49
94 5 71 53 54 45 80 8 31 2
70 100 33 94 48 78 85 96 5 37
72 23 100 77 82 67 94 6 21 7
71 99 93 95 84 7 2 5 28 97
61 91 6 100 82 19 98 97 7 95
68 64 94 39 4 80 10 16 87 99
3 52 96 100 71 25 2 94 8 29
92 50 66 72 37 95 100 5 87 98
72 92 84 5 68 79 98 40 26 13
64 17 47 90 81 36 1 8 100 83
86 20 78 11 28 25 54 17 12 49
65 69 39 57 56 67 8 63 68 93
8 66 97 53 7 93 80 39 71 1
92 6 55 84 53 98 77 99 95 10
75 50 5 29 80 98 26 94 99 10
86 25 8 10 95 57 11 91 53 17
66 76 46 80 93 8 100 18 82 37
77 76 93 25 82 6 99 10 96 95
71 66 24 53 8 6 87 83 22 37
55 78 99 59 67 82 89 6 97 96
58 51 39 95 90 69 77 86 6 98
26 65 8 82 99 7 98 79 18 22
6 77 70 23 40 94 86 84 27 82
58 47 93 68 63 5 39 98 95 7
91 50 79 1 63 98 99 95 27 5
92 65 79 27 53 2 17 98 84 96
69 67 94 5 6 86 28 54 77 11
76 55 80 82 52 25 5 100 96 97
72 5 26 94 96 53 29 78 54 82
68 38 92 6 67 87 78 95 5 98
70 81 55 93 49 5 24 26 39 97
67 49 57 8 83 96 99 77 7 97
87 69 52 95 77 100 5 67 21 10
76 94 23 98 5 3 87 100 6 13
5 79 51 93 73 98 45 99 97 66
93 52 61 80 40 23 84 32 2 33
1 94 25 54 46 72 82 79 97 99
69 70 66 64 54 53 97 30 5 83
70 78 46 94 5 39 23 66 98 82
55 71 66 94 77 53 26 98 2 8
66 53 5 85 14 99 98 8 80 97
5 70 94 99 77 3 85 7 95 97
63 5 81 6 96 87 42 95 47 54
71 96 20 1 94 6 100 8 68 98
49 92 68 77 99 97 5 54 14 83
91 98 8 55 74 38 54 87 1 60
60 49 78 91 82 23 4 1 61 66
77 68 88 99 86 21 95 5 36 67
59 5 53 87 98 77 94 99 1 7
77 75 7 82 1 99 83 6 24 51
5 54 57 80 26 95 100 84 1 37
66 53 5 92 86 78 98 20 58 27
66 81 23 82 92 70 99 97 8 84
55 93 40 81 5 82 1 100 21 97
89 27 59 5 64 87 1 11 68 98
55 53 82 79 92 24 62 100 97 5
70 46 54 5 83 80 97 33 89 96
69 99 23 5 98 86 92 78 60 19
68 50 67 100 92 80 73 7 4 22
55 76 52 77 24 84 5 54 39 10
68 18 81 83 88 26 50 98 99 8
72 80 7 5 52 98 97 82 99 39
58 16 88 57 1 8 93 29 87 80
39 5 69 93 47 1 100 80 22 45
55 5 81 97 98 87 53 26 11 95
55 96 49 77 5 72 87 97 19 67
71 19 65 2 94 61 80 8 69 68
53 64 71 100 96 82 98 54 80 5
68 70 83 2 78 99 50 94 96 36
69 46 95 8 31 96 85 94 99 21
32 70 5 99 67 80 95 85 97 13
63 78 54 5 1 98 100 67 4 21
94 8 3 68 97 39 28 45 100 5
70 27 82 98 55 93 79 52 29 54
83 98 69 77 5 97 93 100 21 7
55 93 53 34 5 99 97 76 84 98
81 45 24 98 5 82 67 72 66 11
69 94 28 99 46 77 5 87 64 30
66 93 99 1 86 44 67 84 81 98
71 84 91 100 79 24 95 8 33 1
32 98 68 34 39 78 94 1 8 82
56 26 3 83 96 100 5 14 39 78
72 94 81 98 21 53 97 99 87 5
2 71 67 46 25 92 5 81 54 7
8 69 92 79 54 99 95 83 45 5
68 49 8 80 98 72 93 86 64 32
26 64 5 98 84 19 7 80 90 58
57 82 96 5 45 80 7 66 56 97
63 6 40 99 8 98 97 86 93 79
89 26 81 75 68 6 2 86 40 1
82 98 53 69 45 5 97 1 80 10
100 76 23 78 95 81 93 53 1 5
5 60 80 54 100 86 7 96 10 26
92 67 95 69 6 45 99 87 3 77
76 93 53 78 5 66 29 84 55 13
6 53 75 3 100 84 78 85 68 93
68 79 53 95 37 6 67 99 97 98
58 61 50 53 5 54 71 69 85 95
61 59 1 96 14 39 5 84 2 99
68 58 77 39 48 5 95 8 93 85
53 66 84 100 77 2 26 72 98 16
60 94 84 49 54 95 78 99 5 27
68 93 49 2 55 74 98 96 84 5
32 97 5 64 77 82 93 1 96 73
36 8 71 83 53 94 66 38 98 23
59 66 94 83 5 78 49 98 25 28
49 8 37 93 57 82 66 6 98 97
66 58 55 8 53 93 79 10 27 87
68 92 96 86 5 1 72 23 77 40
68 5 81 92 72 96 47 14 76 84
66 25 93 1 46 95 6 5 87 2
69 76 53 23 94 96 8 99 83 21
8 80 86 46 82 100 72 98 3 9
66 53 72 27 94 5 1 7 96 99
68 58 63 94 20 54 79 67 45 97
8 58 52 94 82 96 80 98 97 99
52 40 94 73 1 87 99 96 13 19
80 93 87 68 100 5 53 98 88 40
67 70 94 98 5 53 96 77 26 85
93 100 63 95 2 79 98 5 54 82
63 50 2 85 94 80 5 99 37 67
69 81 92 23 99 87 58 5 96 19
68 99 5 94 96 81 97 21 1 83
69 55 98 27 23 80 5 45 33 3
98 1 45 9 77 5 60 29 87 39
78 52 68 84 64 59 8 22 23 96
50 56 39 95 85 99 6 67 7 79
66 1 50 78 94 2 8 85 26 83
46 93 68 62 67 77 98 37 5 99
75 56 62 77 4 86 49 8 23 87
68 71 26 93 50 78 87 5 23 39
46 99 2 79 59 66 28 86 5 96
69 3 97 85 8 39 1 96 82 72
59 69 63 71 61 68 55 73 76 62
55 57 86 94 31 5 45 27 80 14
4 61 10 68 6 78 18 25 1 74
66 94 53 99 1 77 70 6 82 40
13 23 75 94 87 5 6 65 1 21
64 72 49 40 16 5 82 67 98 7
76 94 51 5 100 54 95 1 78 31
93 73 52 21 86 37 1 23 83 100
65 52 38 15 92 5 78 45 98 53
94 84 62 8 99 78 39 67 97 10
69 8 95 67 1 86 19 27 7 90
68 13 83 67 5 54 7 58 95 86
68 73 27 79 38 46 16 93 82 99
78 76 82 55 53 92 99 66 21 11
55 49 100 82 7 97 5 81 76 95
55 93 82 5 46 23 77 100 98 1
2 70 97 80 10 5 98 53 20 83
70 64 66 78 51 5 89 82 95 100
68 64 71 62 39 53 87 81 93 5
70 69 94 5 50 98 83 53 24 37
61 53 99 93 19 85 8 81 97 66
68 59 50 93 5 83 33 96 15 78
62 68 69 94 30 49 78 29 1 5
89 76 98 83 5 79 53 59 56 68
68 79 93 98 67 8 7 1 10 6
68 53 37 1 98 83 99 10 28 81
17 46 97 88 89 15 39 35 21 7
5 76 25 11 77 96 87 97 92 10
88 50 77 2 61 98 99 84 37 29
66 5 50 98 1 93 35 80 83 22
69 72 53 2 29 96 67 11 39 84
29 59 66 40 1 99 53 82 86 20
94 6 57 26 5 80 10 4 7 100
64 52 99 5 82 94 98 97 1 78
75 58 55 56 49 47 91 5 4 6
23 97 6 98 67 95 87 5 99 92
55 40 43 7 4 6 25 97 100 10
69 53 77 93 66 67 71 6 100 96
70 100 98 92 86 5 97 53 36 78
70 59 63 72 67 46 88 5 68 53
55 94 5 26 54 95 72 53 69 13
58 30 94 2 8 81 6 52 86 98
80 92 69 21 6 99 25 49 87 95
5 68 28 100 95 84 37 93 22 98
78 36 91 69 63 58 67 8 80 6
91 29 68 79 20 82 40 1 5 96
55 22 49 93 77 59 8 82 95 40
94 76 6 98 97 5 28 81 61 36
80 70 61 48 18 60 47 43 23 4
64 66 71 80 23 31 2 5 90 26
68 45 2 67 22 84 5 9 29 11
68 92 99 84 77 39 52 8 97 95
39 78 94 55 82 8 23 74 96 68
53 97 67 57 66 80 87 88 40 5
93 64 53 29 36 58 67 99 8 82
66 72 93 48 8 40 43 100 87 54
67 76 66 85 100 78 94 32 6 98
63 68 52 70 39 23 5 94 80 99
66 100 79 70 53 2 82 67 85 5
68 58 78 77 53 49 98 88 5 6
48 61 33 78 2 39 80 62 89 77
66 61 94 98 5 78 49 72 82 99
72 63 66 94 23 78 5 69 7 12
66 70 93 52 28 63 80 61 5 39
99 58 68 89 6 26 93 80 67 64
72 79 39 82 5 53 29 10 96 99
61 92 76 77 52 3 87 5 82 96
90 85 69 80 51 1 12 76 3 97
69 80 22 23 93 68 14 71 85 18
76 95 51 93 27 40 54 5 80 98
57 54 92 97 67 82 7 6 99 2
77 63 69 72 66 82 92 49 5 95
69 100 5 54 58 83 98 66 22 64
93 25 64 94 29 71 53 78 98 54
94 59 63 2 91 6 98 3 53 78
28 83 11 71 66 63 8 96 99 2
68 90 5 28 84 21 79 96 59 10
80 56 82 1 8 39 70 94 36 87
68 58 92 52 82 99 8 80 10 7
66 70 93 80 48 97 29 69 82 5
77 5 93 65 60 83 45 98 15 97
80 93 68 71 6 85 10 5 36 97
93 63 86 8 95 2 99 45 80 5
89 78 68 69 32 55 93 62 57 76
30 85 69 29 5 95 97 22 62 94
68 48 32 8 87 95 1 79 98 54
66 80 87 89 38 71 22 5 14 40
61 77 99 94 84 8 98 10 4 1
67 64 54 4 99 86 71 77 8 53
71 82 93 99 78 45 37 1 97 27
85 14 99 72 93 5 37 7 77 97
66 55 24 86 78 45 5 40 98 10
72 66 78 49 28 92 1 100 83 40
65 8 98 86 72 99 9 54 39 81
55 99 53 5 3 41 93 76 95 83
5 10 95 1 98 83 68 64 100 93
72 65 78 50 5 88 55 23 39 96
29 77 70 12 53 67 69 98 32 5
72 81 99 90 8 46 98 82 95 7
66 94 50 99 41 8 7 85 77 96
66 94 5 99 53 11 36 96 26 45
79 32 85 60 1 64 6 98 48 4
15 69 86 57 28 98 30 50 81 99
78 66 85 5 100 94 6 98 1 95
76 11 99 94 96 98 83 67 64 2
19 85 50 8 97 11 63 94 100 45
61 80 32 42 74 57 93 92 73 29
70 55 66 53 77 4 5 98 86 88
5 28 63 13 97 94 53 82 68 67
72 5 78 92 98 87 23 99 53 39
76 79 66 83 53 93 12 25 9 7
98 2 72 89 10 82 68 95 77 67
91 83 1 61 7 53 80 98 100 94
66 77 5 49 93 69 59 83 96 99
71 92 1 82 99 7 95 10 53 97
68 5 23 15 80 95 87 42 77 22
64 94 5 40 31 28 77 95 84 30
46 6 69 26 21 92 76 50 38 85
85 28 94 64 1 65 96 97 7 99
67 79 86 66 95 5 63 98 76 1
64 80 54 27 76 94 8 33 82 42
65 98 92 57 37 67 1 99 87 97
77 94 58 5 84 6 98 2 67 97
95 37 74 94 5 68 70 54 31 82
23 86 71 92 98 99 6 85 53 4
94 67 78 68 57 39 61 2 6 41
55 97 52 1 82 100 53 57 98 5
69 68 59 60 82 93 5 79 95 40
28 77 100 72 61 2 92 98 5 83
63 94 5 99 52 81 7 83 35 24
57 8 72 82 95 64 89 84 48 59
66 50 97 94 82 11 5 29 45 25
68 14 1 40 100 53 96 97 94 82
68 59 55 5 93 52 81 32 28 87
62 68 55 63 76 57 70 61 69 75
71 89 5 97 85 79 34 53 68 46
93 69 28 8 79 49 74 98 97 86
71 68 93 45 80 8 99 84 29 49
69 92 82 4 97 99 77 21 95 10
68 92 50 24 8 79 87 16 70 100
80 92 25 65 72 5 45 29 39 97
64 66 99 94 38 5 50 29 39 100
55 35 79 60 49 5 64 30 93 99
80 60 86 2 38 53 10 100 95 19
56 47 78 95 87 20 4 1 73 5
46 25 20 58 81 93 82 99 5 12
99 78 61 93 48 30 100 84 8 6
63 93 24 53 79 67 99 68 71 84
16 56 93 81 67 99 72 98 10 5
41 69 5 84 98 89 21 76 81 40
97 58 55 83 6 65 87 25 92 100
79 5 49 94 61 82 95 37 27 38
2 61 30 92 79 5 53 96 82 99
75 77 47 92 54 33 53 91 55 97
69 78 5 53 72 94 68 54 10 83
68 53 95 94 55 5 96 28 7 86
75 63 66 92 53 81 67 99 83 98
69 76 93 53 5 98 68 99 79 37
26 56 67 94 77 6 5 96 97 65
39 63 80 99 66 23 96 67 84 1
93 59 49 81 6 29 39 25 78 97
65 78 47 54 100 39 92 4 25 19
58 68 69 5 78 54 25 98 49 86
80 56 2 45 94 99 52 81 27 87
76 55 69 70 67 60 63 68 64 59
8 6 10 1 98 65 38 28 90 54
54 59 68 33 99 77 82 94 37 39
64 10 94 99 97 80 67 76 51 24
68 5 76 92 40 97 87 49 22 80
98 36 83 65 5 66 95 46 93 78
69 81 46 95 82 31 54 97 5 16
81 28 63 62 5 98 53 92 40 100
94 66 24 69 58 15 31 70 67 44
81 72 42 83 40 6 95 67 4 99
91 68 80 6 100 82 43 5 58 69
66 69 55 62 28 97 21 15 70 86
93 57 95 6 1 85 99 5 7 86
64 97 96 84 94 45 27 37 19 81
61 79 87 92 100 95 53 23 5 11
93 68 99 6 80 95 87 4 10 39
26 97 60 78 65 34 46 98 8 93
62 52 8 85 94 78 98 45 97 100
5 97 66 94 87 7 79 100 10 95
55 81 100 86 5 24 84 98 97 67
61 69 68 58 78 53 95 29 94 82
68 80 60 94 56 2 100 84 52 26
61 92 37 23 5 95 1 77 86 10
53 93 60 67 55 45 96 80 11 23
71 28 97 84 100 94 98 8 40 1
66 70 78 5 23 64 85 92 21 26
46 8 98 6 81 68 82 72 3 5
56 66 28 72 93 78 50 12 22 98
79 94 50 44 2 40 71 39 84 55
92 5 81 28 65 75 67 97 100 83
38 51 93 5 68 54 26 98 99 36
1 86 63 66 67 7 52 80 90 13
24 84 80 23 74 58 45 88 93 10
48 1 68 83 64 67 78 99 94 5
68 29 39 52 5 83 100 77 92 98
27 66 93 47 1 5 86 98 97 59
78 61 73 46 67 5 93 99 6 85
63 55 59 87 5 79 66 29 24 50
13 69 95 82 2 100 38 67 92 53
34 46 74 90 48 88 29 58 96 7
64 67 38 97 86 50 6 5 82 100
66 13 96 93 77 99 76 5 53 97
75 52 80 82 93 45 100 98 97 3
64 87 3 58 8 80 2 67 39 24
71 69 81 83 90 22 26 46 40 66
54 50 26 8 10 56 35 2 24 12
21 85 71 1 44 94 99 8 77 98
5 71 100 15 53 86 63 80 27 67
70 26 96 94 78 2 84 7 45 67
69 57 77 5 47 33 85 11 99 96
29 77 71 66 5 86 93 52 10 2
5 93 76 83 81 51 7 23 54 67
5 53 94 66 100 78 98 39 11 82
5 55 53 94 97 99 79 82 95 11
85 94 78 77 98 32 47 51 31 28
5 87 46 80 63 92 65 10 99 37
92 45 84 77 20 40 49 68 82 8
69 68 74 70 61 67 63 62 60 58
68 77 47 85 99 6 5 67 1 23
66 94 24 54 98 78 84 5 36 99
28 78 53 94 5 98 71 84 26 32
63 100 1 94 53 10 81 32 7 83
71 92 77 67 10 87 5 1 53 7
66 58 90 26 1 79 61 100 95 17
89 56 60 66 45 5 54 3 100 95
98 63 71 5 20 97 40 9 78 65
46 92 49 14 84 59 60 66 63 69
