5 68 69 71 28 93 49 41 99 82 
78 83 88 4 3 99 68 72 40 5 
88 68 57 5 78 39 2 54 38 100 
58 63 66 93 5 53 29 77 82 95 
99 92 66 97 86 77 4 7 2 82 
78 71 68 64 94 23 100 82 34 8 
70 49 80 87 99 96 3 94 68 97 
72 40 93 6 29 77 54 99 27 3 
72 77 90 52 28 64 83 8 45 98 
5 66 72 54 77 82 95 92 45 10 
72 5 23 93 37 86 80 66 14 96 
62 94 95 5 67 82 80 29 66 49 
68 72 77 27 15 84 99 98 54 6 
66 49 5 95 99 84 92 21 78 54 
23 60 8 55 84 99 6 77 11 93 
73 81 93 99 26 82 1 95 67 3 
57 42 100 5 92 98 84 22 34 77 
67 94 63 1 95 100 68 77 5 76 
68 24 99 5 6 85 77 70 25 37 
55 53 77 5 35 93 18 10 59 96 
79 40 68 93 85 53 3 5 95 98 
71 55 66 94 87 52 67 80 8 99 
76 81 94 71 6 100 80 28 1 97 
93 50 54 5 66 57 36 84 97 79 
89 100 5 58 49 83 8 26 80 95 
8 66 82 91 75 99 88 53 15 80 
82 26 77 94 5 95 57 68 55 98 
77 49 69 59 26 94 6 84 13 95 
70 50 94 66 98 5 84 1 79 99 
93 50 63 80 99 82 96 2 98 1 
72 93 23 82 52 16 78 39 5 98 
83 99 33 2 94 52 76 80 10 98 
55 50 6 1 33 83 80 99 38 4 
68 77 94 96 5 97 99 98 64 86 
72 66 53 46 98 80 8 5 39 86 
93 66 6 53 100 95 80 84 30 26 
69 78 53 5 98 87 92 97 67 49 
94 5 71 53 54 45 80 8 31 2 
70 100 33 94 48 78 85 96 5 37 
72 23 100 77 82 67 94 6 21 7 
68 64 94 39 4 80 10 16 87 99 
92 50 66 72 37 95 100 5 87 98 
72 92 84 5 68 79 98 40 26 13 
8 66 97 53 7 93 80 39 71 1 
92 6 55 84 53 98 77 99 95 10 
75 50 5 29 80 98 26 94 99 10 
66 76 46 80 93 8 100 18 82 37 
77 76 93 25 82 6 99 10 96 95 
6 77 70 23 40 94 86 84 27 82 
91 50 79 1 63 98 99 95 27 5 
92 65 79 27 53 2 17 98 84 96 
69 67 94 5 6 86 28 54 77 11 
76 55 80 82 52 25 5 100 96 97 
72 5 26 94 96 53 29 78 54 82 
68 38 92 6 67 87 78 95 5 98 
70 81 55 93 49 5 24 26 39 97 
87 69 52 95 77 100 5 67 21 10 
76 94 23 98 5 3 87 100 6 13 
5 79 51 93 73 98 45 99 97 66 
93 52 61 80 40 23 84 32 2 33 
1 94 25 54 46 72 82 79 97 99 
70 78 46 94 5 39 23 66 98 82 
55 71 66 94 77 53 26 98 2 8 
5 70 94 99 77 3 85 7 95 97 
49 92 68 77 99 97 5 54 14 83 
77 68 88 99 86 21 95 5 36 67 
59 5 53 87 98 77 94 99 1 7 
77 75 7 82 1 99 83 6 24 51 
5 54 57 80 26 95 100 84 1 37 
66 53 5 92 86 78 98 20 58 27 
66 81 23 82 92 70 99 97 8 84 
55 93 40 81 5 82 1 100 21 97 
55 53 82 79 92 24 62 100 97 5 
70 46 54 5 83 80 97 33 89 96 
69 99 23 5 98 86 92 78 60 19 
68 50 67 100 92 80 73 7 4 22 
55 76 52 77 24 84 5 54 39 10 
72 80 7 5 52 98 97 82 99 39 
58 16 88 57 1 8 93 29 87 80 
39 5 69 93 47 1 100 80 22 45 
55 96 49 77 5 72 87 97 19 67 
53 64 71 100 96 82 98 54 80 5 
68 70 83 2 78 99 50 94 96 36 
32 70 5 99 67 80 95 85 97 13 
70 27 82 98 55 93 79 52 29 54 
83 98 69 77 5 97 93 100 21 7 
55 93 53 34 5 99 97 76 84 98 
81 45 24 98 5 82 67 72 66 11 
69 94 28 99 46 77 5 87 64 30 
71 84 91 100 79 24 95 8 33 1 
32 98 68 34 39 78 94 1 8 82 
56 26 3 83 96 100 5 14 39 78 
72 94 81 98 21 53 97 99 87 5 
2 71 67 46 25 92 5 81 54 7 
8 69 92 79 54 99 95 83 45 5 
68 49 8 80 98 72 93 86 64 32 
26 64 5 98 84 19 7 80 90 58 
63 6 40 99 8 98 97 86 93 79 
100 76 23 78 95 81 93 53 1 5 
92 67 95 69 6 45 99 87 3 77 
76 93 53 78 5 66 29 84 55 13 
6 53 75 3 100 84 78 85 68 93 
68 58 77 39 48 5 95 8 93 85 
53 66 84 100 77 2 26 72 98 16 
60 94 84 49 54 95 78 99 5 27 
32 97 5 64 77 82 93 1 96 73 
59 66 94 83 5 78 49 98 25 28 
68 92 96 86 5 1 72 23 77 40 
68 5 81 92 72 96 47 14 76 84 
8 80 86 46 82 100 72 98 3 9 
8 58 52 94 82 96 80 98 97 99 
80 93 87 68 100 5 53 98 88 40 
67 70 94 98 5 53 96 77 26 85 
93 100 63 95 2 79 98 5 54 82 
63 50 2 85 94 80 5 99 37 67 
69 81 92 23 99 87 58 5 96 19 
68 99 5 94 96 81 97 21 1 83 
98 1 45 9 77 5 60 29 87 39 
66 1 50 78 94 2 8 85 26 83 
46 93 68 62 67 77 98 37 5 99 
68 71 26 93 50 78 87 5 23 39 
46 99 2 79 59 66 28 86 5 96 
55 57 86 94 31 5 45 27 80 14 
66 94 53 99 1 77 70 6 82 40 
76 94 51 5 100 54 95 1 78 31 
65 52 38 15 92 5 78 45 98 53 
94 84 62 8 99 78 39 67 97 10 
68 73 27 79 38 46 16 93 82 99 
78 76 82 55 53 92 99 66 21 11 
55 49 100 82 7 97 5 81 76 95 
55 93 82 5 46 23 77 100 98 1 
2 70 97 80 10 5 98 53 20 83 
70 64 66 78 51 5 89 82 95 100 
68 64 71 62 39 53 87 81 93 5 
70 69 94 5 50 98 83 53 24 37 
68 59 50 93 5 83 33 96 15 78 
62 68 69 94 30 49 78 29 1 5 
89 76 98 83 5 79 53 59 56 68 
5 76 25 11 77 96 87 97 92 10 
88 50 77 2 61 98 99 84 37 29 
66 5 50 98 1 93 35 80 83 22 
94 6 57 26 5 80 10 4 7 100 
64 52 99 5 82 94 98 97 1 78 
70 100 98 92 86 5 97 53 36 78 
58 30 94 2 8 81 6 52 86 98 
80 92 69 21 6 99 25 49 87 95 
91 29 68 79 20 82 40 1 5 96 
55 22 49 93 77 59 8 82 95 40 
94 76 6 98 97 5 28 81 61 36 
64 66 71 80 23 31 2 5 90 26 
68 92 99 84 77 39 52 8 97 95 
39 78 94 55 82 8 23 74 96 68 
53 97 67 57 66 80 87 88 40 5 
67 76 66 85 100 78 94 32 6 98 
63 68 52 70 39 23 5 94 80 99 
66 61 94 98 5 78 49 72 82 99 
72 63 66 94 23 78 5 69 7 12 
66 70 93 52 28 63 80 61 5 39 
72 79 39 82 5 53 29 10 96 99 
61 92 76 77 52 3 87 5 82 96 
90 85 69 80 51 1 12 76 3 97 
76 95 51 93 27 40 54 5 80 98 
77 63 69 72 66 82 92 49 5 95 
68 90 5 28 84 21 79 96 59 10 
80 56 82 1 8 39 70 94 36 87 
68 58 92 52 82 99 8 80 10 7 
66 70 93 80 48 97 29 69 82 5 
77 5 93 65 60 83 45 98 15 97 
80 93 68 71 6 85 10 5 36 97 
93 63 86 8 95 2 99 45 80 5 
66 80 87 89 38 71 22 5 14 40 
61 77 99 94 84 8 98 10 4 1 
71 82 93 99 78 45 37 1 97 27 
85 14 99 72 93 5 37 7 77 97 
72 66 78 49 28 92 1 100 83 40 
72 65 78 50 5 88 55 23 39 96 
72 81 99 90 8 46 98 82 95 7 
66 94 50 99 41 8 7 85 77 96 
78 66 85 5 100 94 6 98 1 95 
70 55 66 53 77 4 5 98 86 88 
72 5 78 92 98 87 23 99 53 39 
76 79 66 83 53 93 12 25 9 7 
91 83 1 61 7 53 80 98 100 94 
66 77 5 49 93 69 59 83 96 99 
64 94 5 40 31 28 77 95 84 30 
64 80 54 27 76 94 8 33 82 42 
77 94 58 5 84 6 98 2 67 97 
69 68 59 60 82 93 5 79 95 40 
28 77 100 72 61 2 92 98 5 83 
63 94 5 99 52 81 7 83 35 24 
66 50 97 94 82 11 5 29 45 25 
68 59 55 5 93 52 81 32 28 87 
71 89 5 97 85 79 34 53 68 46 
93 69 28 8 79 49 74 98 97 86 
71 68 93 45 80 8 99 84 29 49 
69 92 82 4 97 99 77 21 95 10 
68 92 50 24 8 79 87 16 70 100 
80 92 25 65 72 5 45 29 39 97 
64 66 99 94 38 5 50 29 39 100 
55 35 79 60 49 5 64 30 93 99 
56 47 78 95 87 20 4 1 73 5 
46 25 20 58 81 93 82 99 5 12 
99 78 61 93 48 30 100 84 8 6 
63 93 24 53 79 67 99 68 71 84 
16 56 93 81 67 99 72 98 10 5 
41 69 5 84 98 89 21 76 81 40 
79 5 49 94 61 82 95 37 27 38 
2 61 30 92 79 5 53 96 82 99 
69 78 5 53 72 94 68 54 10 83 
69 76 93 53 5 98 68 99 79 37 
39 63 80 99 66 23 96 67 84 1 
80 56 2 45 94 99 52 81 27 87 
54 59 68 33 99 77 82 94 37 39 
64 10 94 99 97 80 67 76 51 24 
68 5 76 92 40 97 87 49 22 80 
98 36 83 65 5 66 95 46 93 78 
81 28 63 62 5 98 53 92 40 100 
81 72 42 83 40 6 95 67 4 99 
91 68 80 6 100 82 43 5 58 69 
61 79 87 92 100 95 53 23 5 11 
93 68 99 6 80 95 87 4 10 39 
62 52 8 85 94 78 98 45 97 100 
5 97 66 94 87 7 79 100 10 95 
68 80 60 94 56 2 100 84 52 26 
61 92 37 23 5 95 1 77 86 10 
71 28 97 84 100 94 98 8 40 1 
66 70 78 5 23 64 85 92 21 26 
46 8 98 6 81 68 82 72 3 5 
79 94 50 44 2 40 71 39 84 55 
92 5 81 28 65 75 67 97 100 83 
48 1 68 83 64 67 78 99 94 5 
68 29 39 52 5 83 100 77 92 98 
78 61 73 46 67 5 93 99 6 85 
66 13 96 93 77 99 76 5 53 97 
75 52 80 82 93 45 100 98 97 3 
21 85 71 1 44 94 99 8 77 98 
5 71 100 15 53 86 63 80 27 67 
70 26 96 94 78 2 84 7 45 67 
69 57 77 5 47 33 85 11 99 96 
29 77 71 66 5 86 93 52 10 2 
5 93 76 83 81 51 7 23 54 67 
5 53 94 66 100 78 98 39 11 82 
5 55 53 94 97 99 79 82 95 11 
5 87 46 80 63 92 65 10 99 37 
92 45 84 77 20 40 49 68 82 8 
68 77 47 85 99 6 5 67 1 23 
66 94 24 54 98 78 84 5 36 99 
28 78 53 94 5 98 71 84 26 32 
71 92 77 67 10 87 5 1 53 7 
