97 39 88 74 3 24 12 42 36 21 
75 52 69 78 25 15 12 64 94 62 
97 71 16 52 7 39 33 78 36 56 
97 25 69 60 40 37 64 17 31 61 
72 12 50 23 92 52 40 85 70 37 
97 71 88 56 21 27 85 54 95 36 
74 97 7 40 28 91 57 38 22 41 
97 71 24 52 39 35 50 56 96 43 
7 24 97 60 41 23 14 95 21 53 
70 33 21 97 41 52 39 35 55 62 
39 60 16 24 41 92 71 52 21 95 
88 99 41 24 63 22 60 20 84 23 
25 57 63 87 15 16 75 70 41 99 
97 42 50 7 33 39 12 55 74 78 
80 15 24 57 97 52 21 9 47 64 
49 97 69 35 12 37 10 64 7 95 
90 41 43 21 71 54 48 39 64 97 
60 88 36 99 23 30 25 8 66 5 
54 69 19 21 87 14 56 33 97 36 
21 20 30 54 97 41 27 69 35 52 
97 19 42 30 74 37 95 61 40 50 
74 24 12 97 39 1 87 69 60 54 
41 71 99 24 73 31 67 64 54 19 
69 92 76 7 15 21 14 41 39 95 
43 69 25 20 60 22 97 39 64 42 
97 25 39 69 55 30 64 23 60 6 
93 50 89 92 12 46 97 23 25 35 
97 60 42 71 37 10 54 46 52 95 
41 15 72 96 48 9 13 7 98 23 
92 39 41 50 25 87 60 95 30 2 
97 21 69 41 24 19 30 37 49 66 
72 41 99 5 7 38 15 34 50 45 
96 69 25 39 60 92 7 4 37 50 
19 72 98 2 34 7 41 5 95 56 
12 88 39 74 8 21 43 97 24 6 
90 23 54 50 27 97 42 95 84 37 
99 40 36 95 53 24 90 23 38 54 
97 24 37 49 71 95 69 7 54 6 
69 39 24 80 47 40 19 58 56 92 
24 97 69 36 8 40 51 21 64 19 
70 12 69 92 56 95 41 21 37 48 
97 88 12 55 37 25 6 35 21 52 
60 19 25 92 40 41 86 39 21 90 
88 67 97 24 71 8 1 64 55 13 
20 89 5 99 67 41 24 39 23 52 
76 3 41 25 98 60 12 95 54 8 
92 21 24 37 71 15 56 48 35 93 
46 41 73 97 19 95 35 6 53 38 
97 61 37 19 74 50 7 2 24 83 
92 43 24 8 21 71 56 91 51 37 
88 25 50 97 21 42 87 1 54 78 
20 39 95 25 8 90 43 69 41 99 
24 66 60 43 93 21 99 32 37 65 
69 41 23 95 97 62 34 37 25 96 
69 25 10 37 99 52 49 12 22 35 
97 76 69 50 77 57 7 12 25 36 
97 24 100 76 53 60 54 95 20 8 
41 76 19 33 97 53 95 58 21 37 
24 72 97 39 9 42 22 23 95 54 
97 69 24 42 19 21 37 6 52 85 
67 97 10 37 33 56 41 54 2 60 
92 21 90 19 33 49 37 94 36 2 
41 92 31 60 30 20 21 74 5 95 
24 20 69 21 99 61 54 39 96 68 
88 91 24 46 32 97 37 41 54 95 
24 77 97 21 91 38 41 30 61 43 
69 41 97 20 44 39 7 33 36 21 
24 7 40 12 55 88 32 92 67 37 
47 87 12 98 42 56 64 25 7 36 
69 21 24 94 14 64 42 38 3 30 
37 20 78 54 96 92 79 39 5 41 
19 6 4 41 24 47 7 99 88 87 
37 92 23 10 24 71 41 51 57 54 
43 97 37 12 24 69 74 21 13 55 
49 86 37 24 23 99 39 30 43 35 
41 7 16 97 71 35 21 56 30 37 
21 37 48 78 40 41 99 56 53 35 
99 48 16 90 41 21 60 37 7 25 
76 27 66 11 95 39 99 7 41 43 
8 24 92 20 48 30 74 95 37 43 
88 100 54 24 56 8 85 60 42 95 
100 24 75 3 66 95 48 20 5 67 
43 60 37 55 97 95 90 19 47 23 
72 17 97 20 7 70 39 4 24 41 
15 21 77 99 24 35 96 41 37 50 
97 41 33 48 37 7 76 3 12 32 
41 97 69 23 24 43 21 65 60 52 
92 7 23 25 42 38 69 40 77 99 
60 52 54 24 69 41 6 99 7 38 
69 30 42 99 24 38 23 66 48 3 
97 74 24 7 37 41 95 19 54 67 
92 50 12 71 41 56 60 33 37 21 
30 12 76 97 37 5 42 52 54 31 
92 71 30 12 37 11 43 95 60 7 
24 12 74 92 57 39 66 7 52 41 
88 43 97 24 41 46 2 30 36 53 
24 76 99 37 96 60 6 7 11 42 
97 39 61 19 30 54 79 56 24 46 
97 90 10 20 61 58 67 37 28 59 
90 33 97 37 22 19 49 41 2 35 
23 29 27 97 67 60 20 69 90 92 
97 65 14 20 71 34 69 60 57 44 
12 22 41 88 97 37 34 14 7 35 
69 24 15 22 97 33 71 60 7 35 
24 74 92 46 3 35 13 38 30 9 
69 60 97 20 72 41 91 4 37 66 
99 74 24 80 62 1 86 50 15 93 
21 69 97 37 90 20 43 52 35 24 
78 40 12 33 69 21 97 52 87 14 
13 70 39 21 8 35 99 3 23 56 
99 15 69 60 43 64 76 25 8 37 
97 20 69 37 73 56 34 21 41 55 
92 24 72 67 51 2 12 21 39 34 
97 42 77 23 19 8 37 85 51 6 
86 58 60 99 2 24 35 41 36 8 
15 88 86 92 60 41 95 25 56 23 
87 37 5 52 7 74 25 20 96 99 
20 34 69 21 37 73 97 42 38 52 
97 24 65 19 60 8 32 43 52 38 
10 75 12 41 92 37 60 50 39 33 
77 33 99 41 37 7 3 56 50 15 
23 41 61 33 97 30 37 5 71 48 
97 30 7 95 23 50 76 26 60 41 
69 25 7 71 4 5 85 98 88 20 
87 74 19 92 53 39 69 61 48 52 
99 95 74 37 50 43 35 6 56 24 
91 97 41 69 71 86 47 5 60 25 
97 69 7 57 42 87 37 35 56 3 
42 97 69 20 30 95 16 64 24 60 
97 67 95 40 37 41 24 15 50 91 
97 69 41 14 12 60 53 30 37 48 
88 41 7 25 59 66 21 52 55 12 
69 61 20 99 78 21 37 36 24 54 
98 24 73 12 63 72 21 80 43 37 
69 33 80 96 60 92 37 43 23 20 
99 95 19 56 15 35 76 60 34 44 
69 43 71 36 10 21 97 61 24 37 
66 92 23 69 34 55 37 41 52 3 
95 57 87 12 21 41 70 92 60 37 
99 41 69 12 7 37 36 24 90 22 
20 25 97 40 86 57 48 5 39 62 
97 24 7 93 36 57 88 22 19 41 
88 23 20 30 92 36 60 55 41 21 
65 12 25 97 44 46 4 69 43 60 
92 76 37 95 25 34 57 8 35 5 
24 99 19 60 37 41 70 69 22 33 
24 56 69 37 64 92 19 1 73 32 
20 97 74 30 39 35 6 80 51 42 
23 24 72 6 5 97 15 30 39 53 
60 21 38 15 69 43 48 54 97 55 
60 88 69 24 20 23 54 46 62 51 
90 21 33 37 41 97 48 9 12 32 
60 4 14 41 20 88 67 93 24 98 
97 43 37 33 21 88 3 44 35 42 
99 50 81 24 21 36 2 37 41 43 
41 20 24 67 97 69 8 61 37 6 
20 21 24 77 73 56 97 41 37 43 
88 24 97 35 42 39 44 15 5 43 
97 12 25 60 95 21 77 35 43 87 
24 97 69 60 71 50 39 7 17 9 
19 97 56 71 8 34 22 60 41 30 
41 19 23 3 95 37 56 99 76 7 
19 85 21 97 39 64 36 41 43 3 
92 25 20 21 52 3 67 74 41 35 
69 25 40 91 37 99 35 95 54 52 
41 74 8 39 88 4 60 15 99 6 
42 23 78 5 97 60 20 14 37 34 
92 43 88 20 37 26 42 21 51 25 
21 12 37 56 23 28 95 97 86 9 
19 67 58 64 3 39 54 99 25 35 
24 39 23 32 72 95 60 54 97 7 
18 97 21 43 86 37 56 89 69 41 
90 12 99 7 61 42 46 69 50 25 
97 71 7 61 69 60 19 30 37 35 
68 12 79 97 40 71 25 21 37 48 
97 19 25 21 81 22 34 36 37 54 
97 41 20 7 40 69 61 34 55 48 
93 69 25 37 92 19 87 36 43 95 
12 98 60 33 43 37 70 56 8 50 
20 69 66 99 33 56 38 44 21 3 
71 96 1 33 99 20 60 57 21 52 
41 37 48 97 59 93 25 34 94 19 
19 97 46 24 91 80 6 52 10 41 
75 24 41 92 30 50 61 3 23 34 
33 8 12 69 97 74 37 41 81 52 
42 99 20 76 32 30 60 96 39 7 
87 71 41 60 99 37 24 57 19 21 
15 23 34 35 72 97 25 50 94 56 
37 41 70 21 69 97 12 62 13 33 
97 60 72 7 33 12 35 37 41 22 
20 25 97 69 71 61 88 34 53 21 
9 36 21 14 69 53 24 99 95 60 
97 37 7 69 24 23 48 39 41 56 
12 89 60 37 18 96 40 19 41 21 
74 8 37 33 99 95 54 60 14 40 
97 75 19 40 62 48 38 95 54 5 
71 69 24 34 42 97 57 23 20 6 
97 54 33 76 95 3 37 41 21 43 
97 15 72 21 50 96 3 78 25 41 
97 88 69 24 56 32 37 51 7 40 
69 41 19 95 60 97 58 7 39 56 
67 60 12 23 97 48 37 42 25 39 
74 25 86 17 54 60 69 97 52 59 
42 77 39 14 23 97 35 15 56 6 
25 12 76 43 92 38 80 22 55 52 
97 21 69 25 91 37 20 35 30 61 
78 12 33 95 99 37 48 55 40 3 
61 99 22 20 37 51 41 3 40 95 
8 67 24 19 49 37 43 98 60 5 
92 28 69 41 14 74 21 35 56 19 
75 52 8 69 64 41 23 60 95 97 
69 23 60 97 24 21 20 52 3 42 
41 99 24 69 15 54 20 66 60 21 
5 20 99 67 26 7 72 14 37 48 
92 60 66 25 39 23 41 1 52 43 
92 24 20 95 69 86 28 30 37 19 
12 88 97 24 21 60 37 41 52 96 
25 51 66 20 99 71 74 61 58 7 
