88 1 56 99 78 10 18 8 62 47 
47 17 80 69 10 91 96 1 75 89 
14 43 71 32 31 99 1 76 56 78 
27 48 78 29 71 58 64 77 94 41 
24 75 18 62 70 25 99 41 61 27 
49 96 9 67 33 8 77 56 45 73 
55 22 1 98 72 7 14 78 47 33 
81 14 72 1 67 71 80 78 65 70 
44 72 52 33 50 65 17 88 47 96 
69 1 80 18 99 70 42 79 19 45 
6 18 56 99 17 33 41 11 8 68 
23 98 18 75 44 19 80 55 73 1 
36 1 14 4 7 82 6 17 68 13 
68 18 6 71 22 45 33 14 96 97 
14 86 8 88 73 17 75 22 5 56 
67 56 47 46 96 99 9 48 32 1 
23 1 71 5 50 28 67 100 55 33 
24 6 41 78 68 89 8 10 47 97 
97 8 19 6 65 76 23 69 1 74 
88 100 19 74 76 47 95 77 6 22 
35 1 33 47 61 49 72 19 73 99 
6 80 47 74 68 13 100 56 89 32 
33 41 44 4 74 29 82 79 23 99 
96 44 79 56 33 58 20 70 62 2 
56 8 74 78 98 18 72 97 89 69 
91 67 17 5 99 81 61 68 80 63 
60 22 44 71 1 77 24 79 47 49 
65 33 56 1 54 75 64 39 99 6 
22 89 62 18 31 1 99 68 37 79 
18 96 69 50 56 31 15 88 1 66 
24 67 88 76 56 68 43 61 8 62 
17 81 64 68 67 99 9 32 24 77 
80 71 56 18 32 89 47 15 64 1 
72 99 17 80 31 97 10 78 49 8 
15 44 31 64 41 99 1 69 86 70 
65 56 6 99 33 54 19 75 58 2 
24 21 73 83 78 44 33 22 16 60 
22 81 1 97 47 67 68 96 62 8 
46 38 91 32 69 78 71 6 31 82 
58 75 31 47 6 89 44 96 98 1 
99 56 54 69 17 47 65 77 72 81 
22 68 6 95 32 47 99 62 74 77 
70 37 56 69 6 1 32 8 3 78 
17 65 69 72 74 22 20 47 41 46 
