88 1 56 99 78 10 18 8 62 47
67 22 38 19 58 62 70 21 8 7
1 28 95 8 6 88 62 64 39 97
17 81 22 45 75 58 10 37 24 68
6 15 2 56 100 37 17 45 89 96
65 98 75 45 37 93 81 8 22 29
4 26 90 35 32 21 61 22 14 52
74 32 59 19 73 24 58 18 66 5
84 70 87 21 77 42 30 57 23 6
93 97 8 62 56 64 31 37 94 61
99 63 82 90 50 25 98 43 100 86
97 83 71 99 58 93 15 19 45 8
82 19 47 62 69 26 99 25 45 95
91 19 47 100 66 61 96 39 64 4
62 44 43 47 95 22 8 93 17 41
47 17 80 69 10 91 96 1 75 89
14 43 71 32 31 99 1 76 56 78
47 19 64 61 96 69 8 45 62 54
27 48 78 29 71 58 64 77 94 41
22 83 14 6 61 62 10 86 17 3
58 22 98 62 45 61 40 49 3 95
60 62 45 86 98 28 100 68 19 74
24 75 18 62 70 25 99 41 61 27
17 45 6 31 96 89 32 65 23 62
80 4 44 21 19 100 99 91 83 47
33 1 99 29 47 56 31 18 16 8
91 45 19 47 49 74 59 100 72 62
18 94 62 3 73 26 8 95 47 99
49 96 9 67 33 8 77 56 45 73
55 22 1 98 72 7 14 78 47 33
24 26 86 56 22 3 32 4 89 67
67 65 62 69 14 22 99 85 93 37
37 99 65 89 53 69 17 98 57 71
24 95 67 28 58 62 74 89 47 9
62 15 31 23 68 100 47 11 48 89
41 62 49 33 43 55 21 82 78 90
94 21 61 53 50 88 63 44 85 37
19 3 6 88 8 58 27 96 74 80
65 17 75 57 13 31 62 95 36 78
62 22 21 47 96 97 46 32 83 67
42 100 17 37 45 22 95 65 38 78
65 56 77 17 33 95 62 8 96 23
69 91 89 47 28 19 8 44 43 4
64 47 97 17 58 45 83 46 19 62
56 100 3 74 31 8 45 89 21 23
56 47 6 91 69 52 8 50 16 11
50 45 33 99 54 8 37 74 2 91
65 47 99 45 8 27 2 56 96 44
81 14 72 1 67 71 80 78 65 70
44 88 62 56 45 8 68 49 95 52
19 91 1 23 28 82 6 58 50 85
56 8 62 47 95 25 64 3 99 74
44 72 52 33 50 65 17 88 47 96
33 44 83 47 80 99 96 91 89 45
17 33 82 80 22 45 8 96 81 73
13 19 45 37 100 68 95 22 87 8
62 67 65 45 9 95 56 33 8 2
26 17 88 62 13 61 95 45 92 56
23 24 33 100 22 18 98 32 37 31
69 1 80 18 99 70 42 79 19 45
87 84 62 74 33 45 40 3 23 98
17 65 45 18 97 71 58 56 88 8
6 18 56 99 17 33 41 11 8 68
47 62 56 100 77 1 17 11 41 16
65 89 62 10 55 33 49 24 22 91
30 6 56 47 3 83 80 10 38 19
56 37 44 80 6 28 98 45 76 97
44 15 96 1 83 37 99 48 8 68
13 49 67 47 62 86 38 22 74 21
22 19 58 18 67 83 62 95 45 96
89 4 8 12 96 13 64 42 70 83
15 24 99 16 6 22 49 4 5 30
20 46 40 71 45 62 95 17 4 74
39 47 30 98 44 79 31 96 32 2
62 26 8 19 58 30 13 69 95 79
53 70 17 65 98 88 37 89 54 45
19 91 37 97 56 71 95 81 8 96
8 17 62 33 35 3 81 43 71 2
23 98 18 75 44 19 80 55 73 1
17 58 77 95 65 8 56 62 45 96
65 19 18 97 68 45 73 26 62 44
62 58 95 45 17 8 56 91 40 37
87 69 18 26 95 62 19 8 24 61
22 19 82 99 37 38 3 45 62 8
42 8 10 20 79 53 6 97 78 99
35 17 89 28 15 31 27 80 60 19
18 47 58 62 7 31 21 77 14 59
19 81 1 80 14 24 37 56 8 41
93 52 22 58 17 10 62 25 70 97
23 77 47 65 99 83 46 4 57 52
17 45 15 21 6 31 68 100 32 93
49 89 58 86 56 62 80 42 19 87
62 67 37 49 69 8 85 45 95 56
62 60 18 67 83 98 2 59 52 11
11 44 95 47 15 56 88 97 19 45
36 1 14 4 7 82 6 17 68 13
35 42 14 45 8 58 54 95 96 18
19 81 7 13 97 3 61 18 74 47
33 45 54 11 69 96 70 56 89 8
30 8 89 100 98 45 96 6 21 47
91 21 5 17 81 1 49 45 99 37
13 97 62 68 11 100 47 89 8 49
6 69 53 22 49 38 11 47 31 96
56 62 76 71 17 35 2 9 23 1
67 49 37 8 73 45 56 35 22 2
18 77 32 19 98 83 23 80 95 62
68 18 6 71 22 45 33 14 96 97
62 6 8 7 10 95 13 96 45 81
58 17 88 2 73 99 66 55 35 95
27 95 18 13 62 96 9 22 8 99
56 62 19 8 37 44 96 80 98 95
6 45 26 79 23 75 96 71 62 65
38 31 3 26 91 17 96 37 62 45
14 86 8 88 73 17 75 22 5 56
19 2 65 31 47 86 62 8 68 76
67 56 47 46 96 99 9 48 32 1
44 30 33 92 2 26 45 98 3 73
23 1 71 5 50 28 67 100 55 33
32 25 30 8 17 99 43 19 45 55
62 47 45 100 19 49 75 43 79 15
91 67 58 83 100 62 37 95 43 22
17 56 45 95 62 69 47 24 8 3
62 8 64 98 77 45 49 71 21 13
6 15 100 89 69 72 17 44 8 95
45 65 54 17 69 47 95 98 78 22
28 19 37 94 62 100 33 56 88 80
62 47 79 1 21 97 17 56 81 88
6 71 91 37 45 97 62 18 50 23
62 14 56 32 83 47 74 89 8 95
3 17 52 91 53 37 92 33 75 62
8 96 94 22 89 79 98 99 37 76
24 6 41 78 68 89 8 10 47 97
8 91 58 49 62 87 88 89 22 59
97 8 19 6 65 76 23 69 1 74
88 100 19 74 76 47 95 77 6 22
35 1 33 47 61 49 72 19 73 99
23 65 47 6 28 45 80 56 46 78
62 67 56 45 5 37 8 38 2 97
62 22 98 47 3 77 8 45 93 13
63 11 46 51 40 75 1 45 98 80
62 22 8 47 24 27 2 97 95 45
96 91 100 69 8 62 37 19 81 45
38 56 91 47 28 44 19 13 81 1
96 38 47 39 83 62 43 79 22 69
6 80 47 74 68 13 100 56 89 32
22 19 95 17 37 65 76 97 49 23
56 24 19 69 58 96 22 77 49 43
21 38 22 7 58 31 59 45 80 27
37 98 7 62 76 97 30 78 89 47
8 35 37 56 82 47 72 1 17 91
54 8 45 62 11 78 68 18 23 19
54 50 33 62 31 22 65 85 8 18
41 36 13 56 42 8 91 58 99 22
70 47 17 32 24 8 97 62 34 76
62 40 98 88 58 76 86 79 7 1
58 72 17 22 31 84 54 56 100 62
68 1 51 47 45 56 91 93 22 49
62 6 18 54 96 4 95 77 27 99
8 7 6 74 44 37 24 45 97 95
38 40 22 33 99 95 62 8 35 69
62 45 6 72 8 95 39 56 96 83
96 62 40 41 80 83 69 97 22 8
93 88 26 62 95 87 33 68 79 40
31 67 64 3 2 63 97 45 56 69
95 26 6 69 18 21 45 56 32 96
44 46 24 87 62 97 8 45 47 75
65 8 6 27 17 32 59 100 18 3
33 41 44 4 74 29 82 79 23 99
22 95 38 45 2 62 49 5 6 13
96 44 79 56 33 58 20 70 62 2
66 18 45 96 28 37 49 56 27 95
6 37 8 53 26 88 56 68 62 19
44 69 17 22 81 58 86 95 50 99
22 67 9 99 47 62 96 45 28 8
56 8 74 78 98 18 72 97 89 69
37 98 64 46 80 81 11 45 35 54
6 41 81 18 15 45 89 95 8 62
16 27 79 83 24 50 29 63 30 62
91 1 31 18 62 6 56 99 49 97
24 86 38 84 26 97 100 54 13 93
58 6 65 47 56 23 37 100 14 1
91 67 17 5 99 81 61 68 80 63
91 25 45 6 46 99 1 47 96 22
62 37 8 5 89 56 69 97 74 49
6 45 73 87 56 3 62 4 65 37
42 69 97 94 96 45 98 78 35 46
3 28 23 73 30 42 60 94 61 79
91 70 21 97 40 26 44 58 33 24
56 11 8 95 69 45 37 49 13 77
64 56 22 87 100 21 26 92 94 24
89 36 8 46 10 30 11 31 99 33
91 50 62 8 19 56 95 47 31 96
21 65 71 45 74 19 89 48 99 44
60 22 44 71 1 77 24 79 47 49
89 62 45 91 95 56 8 33 99 50
65 33 56 1 54 75 64 39 99 6
17 7 56 77 33 8 11 79 69 62
99 6 17 62 49 25 64 77 89 45
41 8 96 91 74 97 62 23 48 79
41 92 98 26 13 79 52 38 90 45
88 9 45 64 8 17 69 56 99 97
38 1 31 30 8 96 69 91 45 56
87 22 37 62 41 56 99 95 74 8
17 22 49 58 62 86 45 99 59 8
1 48 37 95 23 96 15 97 56 58
98 52 56 99 49 28 86 58 17 75
37 19 45 97 72 95 21 40 22 3
38 85 62 3 17 100 80 8 56 2
65 96 23 20 87 29 82 90 10 27
33 65 41 8 62 56 47 19 45 70
55 40 43 45 13 37 19 56 74 8
23 98 36 6 87 95 80 71 58 37
24 45 19 93 47 16 22 62 49 56
1 21 99 33 19 80 64 24 95 89
22 19 62 25 63 67 80 97 93 15
33 78 95 59 6 24 45 99 79 21
8 23 95 96 45 3 99 78 93 79
100 45 94 62 33 13 93 1 76 81
67 91 18 14 65 21 19 97 7 100
8 47 44 65 85 80 96 56 95 33
6 56 83 78 99 38 24 8 85 95
45 11 60 70 41 58 6 61 54 80
89 54 80 47 99 93 69 71 15 26
22 89 62 18 31 1 99 68 37 79
16 55 79 62 30 9 53 46 12 20
98 8 22 28 31 100 47 21 42 19
18 96 69 50 56 31 15 88 1 66
49 62 19 21 22 5 89 99 14 88
68 17 18 65 45 49 56 76 89 97
56 67 62 47 83 22 38 37 19 28
53 97 91 19 56 3 45 84 58 77
22 88 17 33 81 45 42 13 95 96
17 22 8 98 75 47 99 62 36 41
18 89 23 99 47 83 91 22 62 77
62 47 19 91 95 45 74 3 96 93
58 99 62 89 91 28 31 1 45 61
24 7 68 57 50 56 87 4 91 85
65 98 56 88 49 62 19 47 31 68
99 58 95 45 37 17 80 11 69 49
98 60 3 88 42 7 73 8 89 4
78 97 17 60 95 44 98 62 54 27
24 67 88 76 56 68 43 61 8 62
76 99 18 89 8 98 17 62 56 9
17 81 64 68 67 99 9 32 24 77
44 100 58 89 14 45 8 38 72 24
18 95 17 32 86 37 62 22 15 33
17 41 99 5 58 19 84 32 98 18
22 6 83 58 62 17 95 47 37 73
23 62 22 37 71 19 13 83 95 96
80 71 56 18 32 89 47 15 64 1
49 83 6 21 22 70 62 97 86 23
30 17 62 8 31 49 70 58 22 38
6 65 77 99 97 62 87 54 31 1
97 56 81 45 58 95 44 89 23 54
44 98 30 77 4 58 48 21 1 91
67 30 62 45 99 8 97 89 3 2
58 3 65 80 56 25 70 99 42 87
63 22 28 78 62 44 61 40 37 15
91 38 58 68 19 95 8 83 99 33
91 18 19 97 7 79 74 56 99 96
45 37 19 13 98 69 65 62 52 33
86 65 62 33 75 97 23 58 2 22
62 95 97 99 19 60 7 45 8 77
72 99 17 80 31 97 10 78 49 8
15 44 31 64 41 99 1 69 86 70
17 62 45 37 89 8 38 99 54 5
21 62 5 17 84 47 92 70 67 100
15 59 20 85 26 46 7 23 31 69
87 33 17 22 10 93 89 50 99 45
19 85 97 22 74 94 45 49 62 95
61 10 36 31 57 83 55 17 29 73
17 18 62 56 19 58 100 70 22 45
2 19 37 24 79 56 45 100 74 81
24 42 37 77 8 72 99 4 11 45
100 36 99 41 22 62 45 21 37 97
65 56 6 99 33 54 19 75 58 2
91 1 61 41 45 35 97 18 8 73
24 21 73 83 78 44 33 22 16 60
30 23 99 62 33 8 95 88 1 45
95 56 62 8 65 47 97 44 84 29
65 38 95 47 62 97 81 45 92 80
22 81 1 97 47 67 68 96 62 8
78 55 20 93 21 52 36 76 73 38
45 27 91 75 97 95 80 83 100 17
6 95 22 74 88 93 91 97 62 45
98 37 47 38 95 96 31 69 89 26
43 14 98 17 89 47 100 88 56 26
45 22 100 62 4 87 32 1 97 88
11 91 8 56 45 33 21 80 67 3
28 100 41 62 95 45 83 8 47 96
15 18 19 96 20 83 2 71 23 86
95 58 53 6 31 65 48 100 76 32
82 24 9 8 86 62 27 45 95 47
91 24 83 29 54 3 65 21 20 23
46 38 91 32 69 78 71 6 31 82
81 91 56 33 6 19 24 62 68 64
92 27 59 14 2 83 62 99 71 22
93 28 4 8 37 1 95 59 46 13
24 99 1 67 9 44 86 97 87 8
57 95 21 52 81 83 86 88 98 97
8 42 23 30 45 56 79 49 17 11
67 33 26 45 36 65 3 99 8 89
58 75 31 47 6 89 44 96 98 1
62 80 86 74 56 38 8 83 45 37
99 56 54 69 17 47 65 77 72 81
6 64 58 47 45 94 19 48 18 96
99 58 11 19 91 23 28 43 62 100
37 99 56 17 49 61 45 19 48 8
22 31 97 62 68 2 86 8 19 87
65 1 47 97 100 62 77 95 56 2
97 67 10 93 62 47 99 80 8 69
8 6 3 62 86 77 45 47 80 56
30 35 47 19 71 3 8 36 10 37
22 51 76 6 5 21 86 65 81 41
97 82 17 26 27 40 96 60 99 85
99 13 87 2 95 31 3 62 10 23
6 37 22 8 54 76 3 61 41 98
37 99 87 19 60 76 13 8 62 56
51 84 47 60 80 61 31 97 27 91
95 56 62 99 17 49 96 30 69 2
22 17 31 27 69 41 62 65 19 50
56 17 6 81 47 89 38 62 80 45
28 56 45 18 37 47 99 58 22 96
62 19 30 63 45 80 14 65 37 8
3 100 25 89 26 62 68 85 45 79
37 22 19 18 35 78 13 44 1 80
62 98 75 24 25 71 37 100 87 10
98 19 83 62 58 56 44 20 80 14
21 97 18 98 13 77 1 95 62 74
62 97 45 17 71 99 95 86 65 80
81 72 100 22 43 32 62 47 78 49
62 45 95 96 37 22 74 99 47 11
22 68 6 95 32 47 99 62 74 77
23 95 86 77 91 22 30 19 14 10
93 17 95 45 56 8 100 18 34 27
92 56 27 25 21 47 36 34 53 46
26 98 93 22 45 8 95 47 3 41
1 10 39 22 85 26 57 23 14 65
26 89 43 69 47 96 40 98 77 56
58 84 24 99 95 62 17 96 69 89
56 40 37 8 98 95 99 65 97 75
95 38 45 62 56 78 31 96 8 49
11 96 99 17 58 75 45 91 67 33
32 38 99 97 58 95 62 56 11 37
83 6 70 82 100 14 71 23 35 92
75 19 37 83 95 62 8 47 97 22
41 47 17 91 97 81 89 44 79 96
21 98 43 18 87 49 97 37 51 100
15 33 22 84 45 96 19 76 99 81
62 17 31 84 8 38 22 95 100 48
62 93 1 20 78 48 50 73 40 35
38 8 33 82 99 81 62 47 86 45
24 84 80 23 74 58 45 88 93 10
97 98 92 21 40 45 62 89 49 88
36 98 81 14 64 80 53 45 62 69
100 17 56 37 69 3 44 61 89 65
95 33 22 38 45 17 86 83 99 56
90 97 62 56 8 13 58 45 49 95
98 22 61 47 53 95 41 71 100 8
58 32 98 56 97 62 38 81 74 47
91 17 86 7 45 89 76 62 8 99
44 89 58 23 30 2 56 37 68 62
34 46 74 90 48 14 20 77 87 86
21 6 22 97 75 89 95 61 58 12
11 71 95 80 98 21 69 26 24 86
8 52 75 58 91 45 98 42 26 99
21 72 37 58 8 75 54 62 30 17
54 50 26 8 10 56 35 2 24 12
83 6 62 80 8 88 46 96 95 100
5 41 45 62 22 86 74 19 99 8
70 37 56 69 6 1 32 8 3 78
49 57 31 6 58 36 45 97 62 100
17 32 97 8 63 69 64 62 45 100
8 5 64 93 6 95 41 89 3 100
25 62 97 66 45 21 74 13 83 56
10 93 98 8 17 31 54 100 45 84
86 73 35 44 87 21 49 45 47 72
45 84 77 20 56 6 100 31 57 95
16 12 68 47 69 66 43 23 44 27
22 18 84 95 75 62 31 17 4 8
99 68 97 48 47 56 8 62 45 58
3 99 54 31 62 47 29 21 1 81
88 1 62 8 11 49 80 70 45 99
35 31 99 17 83 37 56 68 41 45
62 67 94 56 88 58 4 96 1 45
22 31 17 100 79 62 96 56 8 69
89 32 79 56 47 99 45 54 98 81
17 65 69 72 74 22 20 47 41 46
