14 73 39 2 40 93 10 12 55 51 
99 12 10 56 1 8 5 87 47 18 
26 99 31 87 66 64 1 43 9 61 
93 13 41 51 1 31 99 3 66 48 
51 1 3 46 47 11 9 98 53 89 
96 10 9 99 1 70 31 32 49 63 
47 86 51 84 1 49 22 53 66 93 
10 47 2 7 30 89 66 46 56 11 
2 59 1 10 51 68 88 9 34 12 
23 43 61 6 13 59 10 1 9 87 
23 75 47 98 52 61 1 3 10 78 
2 32 11 55 51 66 25 6 40 99 
10 23 61 33 65 13 96 70 22 6 
25 99 61 76 66 2 6 19 59 32 
43 24 97 65 31 19 70 10 99 51 
25 98 87 75 7 59 70 51 10 44 
39 51 54 23 91 5 81 49 60 9 
66 88 24 11 94 9 41 43 78 2 
11 44 66 95 51 14 59 2 13 87 
23 46 22 35 10 69 92 51 47 6 
98 1 26 75 51 10 7 63 13 71 
24 65 11 87 61 12 6 19 92 68 
14 33 12 1 97 19 9 10 92 67 
99 11 26 59 13 87 39 71 19 1 
83 94 10 43 9 66 12 54 35 99 
64 70 23 74 92 10 1 51 9 43 
43 29 97 14 2 61 63 94 13 70 
97 23 39 11 70 99 7 20 49 61 
1 78 24 9 61 51 10 47 19 42 
24 2 11 44 86 64 98 71 13 56 
23 97 70 67 87 49 65 42 13 10 
1 10 13 99 9 24 22 71 43 96 
23 67 11 99 96 55 54 39 12 32 
83 13 26 68 2 43 51 64 9 10 
67 48 8 99 21 1 41 39 51 98 
75 51 3 24 52 21 99 49 39 11 
11 85 61 39 45 1 94 9 66 65 
92 49 87 2 11 66 56 89 9 39 
93 43 1 51 5 97 25 33 78 67 
13 42 10 2 87 7 66 51 47 56 
43 2 93 6 61 31 10 18 58 34 
23 2 11 66 99 41 49 32 43 86 
67 48 51 12 19 78 8 2 54 4 
24 11 51 6 55 65 37 92 5 44 
48 2 13 59 66 43 46 78 8 76 
24 43 33 13 94 87 20 45 66 41 
43 54 19 25 2 78 21 94 51 10 
78 39 1 94 8 51 11 62 45 18 
99 97 35 1 67 49 9 51 78 10 
23 99 69 37 1 51 8 31 35 46 
53 97 66 39 63 8 11 1 51 24 
1 39 94 28 91 88 65 51 6 33 
99 51 3 20 13 86 43 2 10 78 
1 86 10 45 34 78 9 93 43 13 
17 43 66 49 2 13 98 4 100 11 
86 80 28 40 25 14 71 45 11 70 
11 24 86 49 99 2 43 100 17 60 
85 73 13 29 43 59 10 71 54 6 
23 74 92 3 9 1 21 60 66 39 
63 1 11 13 48 23 51 78 65 41 
2 79 9 28 91 68 86 43 99 3 
23 36 39 31 94 1 6 51 55 68 
19 17 97 12 6 2 49 11 70 42 
24 79 49 43 31 12 19 64 98 2 
27 98 44 68 13 86 2 54 49 8 
70 99 11 39 35 2 51 23 22 47 
2 10 24 82 68 99 62 12 9 43 
99 1 8 51 10 31 23 20 12 70 
2 43 23 66 92 31 5 35 8 21 
70 25 19 1 99 5 8 10 65 61 
93 79 1 89 50 51 99 12 10 66 
10 1 66 92 99 6 85 23 33 65 
87 33 64 24 10 94 49 71 6 54 
24 75 67 59 56 12 11 52 2 54 
19 70 95 82 98 10 1 94 39 53 
23 84 2 10 12 61 13 98 11 44 
19 31 11 1 99 69 5 8 39 17 
11 3 1 43 25 12 99 21 19 98 
26 10 39 59 9 49 96 54 67 13 
51 98 12 34 1 10 7 39 46 22 
100 10 66 26 1 3 61 78 9 58 
25 83 75 99 70 18 1 54 19 40 
94 41 71 86 78 1 6 59 43 5 
23 32 1 42 10 13 62 7 87 59 
24 13 37 44 94 51 2 8 70 52 
18 51 47 97 66 2 5 9 12 10 
48 2 82 23 41 78 7 43 1 70 
82 9 43 2 50 99 65 10 51 34 
57 12 98 36 66 6 11 48 51 2 
45 88 2 13 44 11 80 92 41 9 
14 86 46 41 98 44 11 51 12 9 
86 66 45 39 2 63 34 10 84 16 
97 98 68 2 64 13 6 24 39 51 
55 13 1 10 47 24 32 95 17 51 
87 25 99 15 49 19 2 45 44 91 
92 23 97 70 11 2 51 43 56 4 
24 82 63 92 8 43 2 77 51 67 
82 45 29 2 65 69 56 44 33 15 
51 23 43 7 60 71 55 15 99 63 
23 87 93 1 44 97 10 55 59 33 
23 11 2 31 68 65 51 64 84 39 
82 29 69 1 39 99 61 8 4 78 
24 96 99 10 66 45 1 8 92 58 
39 61 78 27 83 1 59 41 20 11 
24 60 8 43 11 63 2 66 100 44 
26 2 9 49 89 78 66 42 3 38 
92 73 49 22 1 68 7 11 51 50 
99 13 10 33 23 2 64 43 9 56 
97 7 99 66 78 1 10 51 60 43 
67 13 42 51 5 11 19 39 1 99 
75 8 4 42 43 11 1 70 32 93 
92 10 3 1 86 49 78 69 19 8 
10 3 54 92 51 1 64 68 47 89 
23 75 10 94 2 67 53 64 51 62 
24 36 19 51 66 99 1 3 11 9 
96 92 2 44 54 11 51 48 58 5 
46 74 1 98 23 11 67 61 9 12 
99 42 43 70 11 86 16 24 56 7 
74 29 44 72 2 68 5 94 4 11 
26 39 41 2 66 93 64 11 54 38 
75 29 92 11 13 43 35 54 18 70 
97 93 10 44 2 65 8 56 84 51 
86 43 98 11 68 54 78 8 80 51 
70 51 49 54 12 2 64 11 6 75 
1 32 61 17 59 9 68 49 11 47 
23 9 1 98 19 45 86 7 11 99 
33 44 31 61 23 2 11 94 54 21 
25 93 96 66 60 43 2 9 47 19 
98 24 96 2 48 11 54 33 56 47 
25 13 39 8 10 72 99 69 56 1 
19 25 51 11 33 94 61 48 1 45 
25 7 43 59 32 12 19 10 2 66 
22 65 96 92 25 3 11 1 46 34 
78 23 1 52 10 19 8 61 93 44 
93 88 37 41 11 2 8 23 31 61 
67 85 61 31 43 65 92 25 47 10 
69 26 6 14 51 91 12 11 36 19 
87 51 42 11 7 1 59 5 30 66 
23 12 46 35 70 51 84 1 94 8 
96 44 5 51 67 95 23 10 1 31 
12 9 94 87 3 11 2 43 66 24 
67 85 36 9 45 12 61 43 11 34 
24 54 80 11 92 51 6 1 60 86 
39 1 15 28 6 100 98 10 58 11 
87 99 35 10 5 9 1 59 43 71 
32 25 98 1 60 43 51 31 9 66 
16 19 1 9 43 49 29 11 78 3 
10 24 2 86 99 43 7 59 41 66 
24 3 94 1 43 68 63 86 9 12 
23 11 43 99 87 1 20 12 41 92 
24 87 80 11 44 69 89 9 49 12 
87 23 99 43 78 4 11 88 46 35 
24 74 98 60 66 9 11 2 31 51 
39 94 91 27 66 7 2 61 78 11 
3 92 36 10 99 18 1 51 61 55 
23 86 56 6 70 41 63 39 89 1 
98 25 41 40 9 99 14 31 51 2 
51 10 30 87 13 98 43 32 2 50 
50 61 2 8 69 52 68 99 78 13 
29 97 94 19 43 8 54 51 10 2 
25 83 66 44 11 61 1 98 93 45 
89 25 61 46 2 39 63 68 78 59 
32 51 24 9 54 11 39 59 70 94 
39 26 55 63 66 98 12 36 10 51 
88 9 45 66 49 51 11 1 92 5 
83 10 52 5 33 78 47 56 2 43 
2 16 12 99 8 11 19 51 66 56 
26 98 89 40 11 10 61 47 1 19 
86 24 67 85 35 4 32 2 56 9 
27 43 2 67 99 5 97 9 51 60 
23 41 61 5 1 49 65 38 8 69 
55 13 43 61 84 83 9 1 98 10 
23 2 97 47 13 9 68 77 60 31 
33 19 39 99 1 9 78 10 36 65 
51 5 92 7 13 4 1 87 23 70 
29 23 8 92 79 43 3 62 1 78 
95 36 44 67 22 11 78 46 2 20 
25 11 92 51 2 66 5 85 47 17 
23 66 13 20 92 3 1 11 78 50 
2 77 67 39 10 13 84 100 33 65 
70 96 52 2 68 37 51 49 43 87 
43 24 87 66 51 8 35 80 95 54 
24 22 1 66 99 53 88 43 98 10 
4 66 60 51 99 43 6 47 11 58 
23 98 10 68 43 41 65 2 12 51 
51 26 65 2 45 71 7 99 10 33 
28 53 67 61 1 39 7 59 32 45 
24 86 70 13 32 64 93 2 3 49 
28 43 1 82 9 65 89 20 52 35 
10 23 67 86 47 65 59 43 8 53 
23 96 65 10 19 67 94 56 39 2 
62 42 33 66 61 10 6 2 100 47 
27 77 39 89 63 95 2 66 4 51 
93 86 42 49 7 71 59 2 25 12 
51 55 6 35 99 87 27 11 3 65 
97 78 51 49 41 33 84 66 8 2 
99 65 78 41 70 2 10 50 68 38 
11 51 33 20 12 70 45 99 46 60 
71 12 51 1 99 40 5 53 10 47 
86 24 97 2 51 65 67 58 41 64 
29 87 94 2 13 98 70 10 49 61 
27 47 2 44 52 61 65 10 12 49 
43 10 68 24 92 8 51 97 2 55 
36 23 32 17 1 43 87 56 9 51 
24 96 66 80 43 60 1 10 9 61 
23 97 70 10 56 62 51 12 43 91 
23 92 82 11 65 70 9 51 64 1 
29 73 93 44 49 2 7 34 11 31 
27 11 67 93 1 97 43 36 62 5 
87 19 43 10 2 93 66 65 9 53 
92 89 16 9 44 51 70 1 97 11 
51 32 23 99 39 59 92 47 50 71 
90 49 10 43 2 45 78 98 65 67 
25 85 70 1 13 71 53 92 39 64 
29 86 99 45 9 39 70 2 13 56 
98 97 10 39 8 2 68 45 52 24 
23 99 66 8 1 80 41 83 61 65 
65 48 1 27 97 5 6 11 37 66 
43 11 56 97 24 67 80 49 9 13 
29 83 70 46 62 86 41 98 2 10 
81 11 97 1 66 49 39 51 12 78 
75 1 61 6 53 11 79 66 21 89 
92 1 29 39 43 51 85 89 11 53 
24 10 99 62 88 70 8 61 56 98 
98 23 10 8 2 41 67 56 43 63 
9 96 23 66 53 43 60 63 65 1 
39 66 63 24 65 61 33 2 45 58 
49 24 69 32 10 94 19 71 44 37 
23 74 10 33 99 70 60 34 52 2 
91 1 61 7 57 21 41 51 98 11 
24 96 19 66 74 1 61 44 10 32 
96 65 66 7 1 51 33 55 17 78 
1 33 60 11 43 26 97 67 63 39 
88 23 2 47 62 51 11 94 9 71 
65 23 1 48 13 38 9 5 51 83 
99 78 87 10 63 43 8 65 29 71 
2 11 70 24 88 56 47 78 19 98 
24 39 2 62 67 5 10 51 92 34 
2 9 88 23 10 66 51 39 19 20 
66 82 43 12 59 6 1 51 38 11 
39 10 78 20 94 8 2 49 71 41 
11 33 61 2 95 71 23 40 36 7 
93 69 28 8 10 99 13 19 51 1 
92 27 99 68 44 10 12 42 31 51 
24 66 43 2 99 95 47 86 34 62 
2 11 96 24 51 65 55 43 68 36 
66 10 7 51 87 47 13 81 42 27 
94 68 34 11 2 85 51 39 9 23 
1 99 66 47 7 11 84 54 56 46 
2 65 10 68 39 46 3 98 51 64 
24 80 44 66 94 2 10 21 37 53 
27 99 51 12 97 66 41 7 8 39 
97 12 5 21 1 78 8 47 51 44 
25 82 2 92 71 39 10 64 62 45 
51 23 1 99 47 87 67 4 10 38 
87 90 53 9 30 69 23 26 1 100 
29 55 49 51 75 19 2 8 99 11 
1 23 94 11 49 70 65 39 77 86 
43 100 68 10 24 72 64 9 56 99 
26 13 42 95 66 46 7 10 61 1 
70 39 8 11 94 56 46 1 54 13 
96 2 7 61 31 78 71 36 10 18 
41 97 23 10 1 8 68 56 13 47 
98 36 86 66 64 2 44 51 11 9 
5 43 68 25 1 98 56 41 82 6 
26 39 11 81 20 100 66 45 6 59 
2 24 12 42 67 13 43 56 50 92 
72 9 36 59 1 67 39 11 12 61 
91 22 48 68 80 6 50 41 61 1 
54 83 43 70 13 7 1 95 61 62 
93 59 1 43 45 29 11 20 51 76 
1 54 46 32 70 40 56 92 13 50 
9 32 12 64 2 65 10 99 50 47 
62 11 76 6 2 51 78 47 13 69 
10 100 43 63 76 29 71 9 1 61 
12 9 1 29 33 99 15 10 70 34 
24 96 9 43 11 61 65 2 31 98 
23 19 43 100 5 15 1 62 7 68 
43 11 25 93 75 51 41 12 7 2 
10 32 23 81 100 65 36 66 2 88 
24 80 44 2 66 13 87 59 63 6 
23 1 43 98 11 9 48 59 87 13 
25 96 82 17 65 43 64 98 10 66 
47 24 98 1 51 6 99 46 11 5 
68 34 28 96 67 2 12 61 19 10 
29 1 66 83 9 63 53 99 56 51 
24 96 68 43 61 7 98 10 13 45 
33 64 73 94 2 5 43 66 11 51 
24 85 71 95 3 7 51 63 60 1 
24 96 99 19 10 13 43 2 33 45 
51 32 13 80 66 92 11 39 53 19 
2 68 39 51 53 99 33 23 11 9 
66 59 47 24 56 2 98 52 13 8 
54 50 26 8 10 56 35 2 12 42 
51 23 43 97 1 70 63 80 99 9 
2 19 29 3 47 11 38 89 6 70 
75 2 24 11 63 51 71 50 54 99 
1 51 99 55 44 59 12 9 89 48 
45 77 30 26 71 2 10 65 92 51 
99 23 61 2 66 19 11 53 58 44 
87 1 79 47 75 29 61 51 56 45 
2 51 70 96 47 65 84 13 8 22 
13 97 71 23 33 51 1 10 43 6 
26 2 98 40 11 9 44 89 51 5 
24 94 86 1 66 9 53 63 89 10 
