54 16 61 50 59 45 33 47 63 48
61 100 91 3 75 30 78 52 44 11
21 69 70 77 84 58 19 97 16 28
82 30 19 6 75 59 13 88 24 89
45 70 67 58 32 46 8 56 14 2
30 36 89 87 1 85 68 44 88 66
24 19 29 87 89 35 60 21 6 88
33 79 87 93 23 96 5 63 7 72
11 4 21 26 22 49 17 52 79 71
82 64 89 71 35 88 6 85 1 37
83 97 35 84 53 34 60 40 72 19
44 10 46 90 88 66 22 6 36 95
87 19 49 88 75 16 89 6 40 2
87 52 92 85 67 1 45 36 89 98
24 14 36 66 82 45 52 20 42 87
70 39 100 18 14 2 19 61 30 16
63 17 89 24 88 36 84 28 68 15
86 44 19 40 97 17 66 30 89 6
27 50 43 3 10 38 40 23 49 91
82 50 62 44 87 29 30 10 68 66
89 30 21 44 37 87 19 88 6 98
83 46 24 6 99 89 15 68 91 74
23 46 35 22 41 90 96 19 6 37
53 55 82 70 23 46 2 34 71 52
91 47 28 29 19 6 24 97 88 89
54 88 75 9 61 87 89 1 98 10
93 22 19 59 35 89 88 66 100 21
80 25 78 87 19 17 74 98 33 29
19 100 87 89 53 21 36 83 46 10
87 63 53 2 36 40 5 88 50 70
18 82 64 88 24 36 41 6 60 96
62 90 36 21 24 89 88 53 35 6
19 95 89 39 91 59 85 24 33 2
17 19 64 39 82 42 33 6 76 44
36 89 77 87 55 66 83 88 15 22
79 87 66 28 22 68 17 25 38 29
59 60 19 37 53 8 57 77 49 71
43 24 42 92 36 22 89 66 82 62
89 91 22 2 36 66 35 55 88 24
46 89 30 100 87 77 34 36 6 19
55 86 70 96 5 17 83 92 9 40
86 39 33 87 64 83 75 35 48 62
87 1 62 80 39 92 2 33 23 85
2 99 91 96 45 85 35 75 39 63
29 82 70 85 36 92 64 33 19 38
86 6 84 46 89 77 87 94 44 25
88 82 59 19 64 36 80 21 30 33
89 31 46 99 91 36 6 66 85 72
89 55 21 1 35 83 56 31 62 70
39 44 42 24 28 6 36 64 19 86
96 45 7 36 82 33 22 1 27 89
89 82 22 36 90 44 18 6 85 84
19 87 28 22 36 6 89 59 85 38
77 67 87 42 46 25 19 44 30 6
87 55 4 35 24 88 13 89 6 25
82 44 88 57 53 10 39 19 64 42
48 28 52 87 36 37 1 24 64 32
61 87 52 19 96 6 35 85 91 48
17 64 82 33 30 42 36 89 11 49
100 19 82 35 30 97 6 24 96 42
30 39 24 64 85 89 60 42 6 36
45 19 68 1 94 62 28 18 88 52
88 74 91 35 10 30 19 37 33 6
29 46 91 35 89 30 19 6 22 64
92 82 89 33 67 35 39 59 21 66
85 87 24 100 89 64 60 22 98 63
17 64 91 33 36 97 68 89 28 6
82 44 2 100 36 64 37 21 88 10
17 36 2 29 96 68 66 98 24 22
92 60 89 19 6 79 36 88 66 100
91 52 64 42 1 40 37 38 51 36
91 89 46 39 6 35 85 66 24 30
87 94 22 6 66 85 36 30 62 19
30 17 61 86 31 29 24 46 97 99
99 74 5 54 44 83 89 68 6 66
84 95 94 22 21 85 89 24 78 17
33 2 36 91 85 6 89 15 11 66
30 89 6 88 82 17 24 44 10 68
19 53 88 87 89 35 6 25 66 24
22 60 96 37 5 84 35 38 92 26
96 87 19 41 46 60 44 36 6 48
33 87 21 51 65 89 6 66 92 15
82 33 17 37 35 88 98 9 6 53
60 81 64 22 2 97 33 23 78 37
92 60 64 88 29 22 6 24 2 53
24 87 46 15 17 99 33 12 72 95
24 6 89 92 42 55 68 39 30 36
87 89 69 35 10 27 6 88 15 42
21 26 82 88 98 6 92 36 10 7
84 41 25 24 19 6 36 88 89 44
87 47 36 3 89 73 84 34 79 96
17 96 62 8 44 98 81 40 24 27
96 35 58 87 45 29 33 85 55 74
93 52 22 40 58 87 30 100 47 37
82 75 10 55 22 19 89 61 37 24
100 22 78 98 89 44 83 50 38 66
87 84 45 19 54 35 89 29 53 22
19 87 62 36 17 46 70 24 41 89
39 44 27 86 24 37 6 97 67 68
1 80 65 55 10 6 76 67 98 19
89 88 36 65 66 42 27 91 22 6
19 31 46 89 87 88 58 24 97 66
86 4 31 46 36 39 1 84 76 80
35 33 21 91 89 88 98 6 19 95
19 59 66 82 88 35 30 6 24 68
88 10 21 48 94 6 34 19 63 97
29 49 91 6 22 19 100 27 10 25
12 91 36 6 78 85 37 22 24 75
89 82 42 36 10 48 24 6 100 21
87 17 62 35 85 31 93 1 37 97
87 44 24 10 30 5 88 34 1 66
62 6 77 19 98 17 74 14 39 30
1 62 82 96 78 39 85 89 23 37
68 18 88 47 19 3 36 66 42 87
82 35 7 89 6 39 57 68 24 28
6 92 88 46 97 99 21 29 89 15
39 67 89 94 62 52 97 88 100 1
88 91 77 52 67 17 36 30 16 53
77 24 19 71 42 89 87 37 85 6
87 96 33 17 1 27 79 97 89 18
87 19 46 70 38 100 37 80 25 51
55 52 87 49 80 96 40 24 77 100
32 60 25 88 99 91 15 17 21 56
59 85 96 19 89 88 36 6 9 24
62 24 96 29 35 67 82 39 84 85
36 87 88 24 22 89 97 34 63 7
36 64 91 7 94 33 6 88 77 15
19 17 35 22 24 6 52 81 33 9
42 10 82 33 89 55 6 76 18 7
23 89 39 36 51 33 88 67 24 96
19 23 21 6 100 81 56 89 10 88
22 89 88 81 6 35 66 91 46 97
24 82 36 29 98 59 22 6 70 85
50 87 96 79 19 36 89 33 66 71
22 44 89 6 96 36 39 82 78 66
92 78 84 95 100 91 80 89 14 31
16 87 10 67 38 2 30 56 35 57
43 100 44 89 79 5 36 6 67 45
99 49 2 6 29 70 61 5 42 65
87 2 19 24 13 4 89 68 34 40
89 1 22 91 44 39 29 2 25 6
9 89 81 30 36 88 6 17 99 15
76 82 53 35 17 24 89 37 9 66
24 15 82 1 23 89 22 10 42 44
56 5 95 75 15 39 57 100 45 54
1 82 24 36 89 39 58 30 88 67
96 12 89 24 72 88 33 35 28 44
45 92 27 76 36 19 89 88 91 17
82 16 51 33 22 96 53 54 99 46
44 53 37 96 6 22 68 100 89 42
91 99 79 82 24 33 52 20 59 31
82 60 39 15 96 89 30 52 66 14
82 6 19 36 39 92 62 98 88 89
91 75 100 35 6 46 96 89 15 27
89 55 52 33 22 66 90 84 46 80
55 89 35 91 61 78 85 96 19 3
63 96 17 8 62 45 64 86 27 36
87 22 36 18 25 23 3 92 19 88
82 62 42 89 66 22 3 24 8 36
82 8 27 88 1 35 89 7 79 59
82 46 52 78 3 42 24 80 49 27
19 24 63 17 91 94 26 100 36 96
86 50 89 78 24 42 36 6 22 88
8 42 6 19 44 36 80 56 64 24
38 43 80 85 1 33 28 36 24 88
22 48 87 2 39 66 24 56 85 92
27 100 88 93 33 35 44 39 7 19
85 31 66 100 94 35 27 60 44 89
69 88 23 22 95 89 15 98 44 53
91 44 6 88 89 42 35 78 66 5
89 84 66 36 44 85 6 9 70 1
91 28 22 46 35 15 10 6 97 33
18 1 66 96 80 10 30 57 77 26
94 45 99 39 97 29 37 89 6 35
74 55 99 30 71 37 67 89 66 10
82 70 85 10 94 21 89 88 36 24
19 17 44 6 96 25 89 34 5 64
64 89 43 82 67 92 86 42 48 10
55 89 20 87 24 17 88 42 61 36
74 31 24 42 63 95 81 49 75 28
85 24 81 78 44 89 15 36 10 7
50 36 87 6 92 24 22 48 99 89
13 78 19 46 93 99 66 100 42 10
96 82 60 41 22 50 36 20 2 15
91 67 59 22 52 24 39 72 60 36
45 24 17 100 89 85 36 22 33 31
99 96 98 66 29 60 17 10 19 35
39 91 88 89 44 66 97 42 6 24
36 98 19 14 59 89 24 58 54 18
87 61 94 28 52 76 97 64 7 40
82 33 85 13 49 24 64 89 78 92
98 25 41 82 19 23 43 44 33 89
19 77 96 46 87 5 17 23 43 88
71 91 50 9 10 66 6 24 100 89
87 22 46 2 33 36 52 39 56 66
89 76 46 98 35 6 15 26 10 95
90 82 98 17 19 99 62 46 77 36
7 87 96 58 17 1 84 24 52 66
100 36 7 6 24 73 89 10 59 85
78 42 39 70 85 35 53 25 6 24
46 86 75 66 71 24 68 36 18 34
86 30 19 35 81 58 52 61 85 1
88 45 97 82 19 11 36 64 6 24
22 36 89 92 88 91 60 8 65 42
6 91 18 39 42 51 66 61 36 24
86 46 22 16 97 28 66 19 3 92
29 57 19 36 89 87 39 44 85 90
99 79 29 89 6 44 35 92 46 42
26 31 32 37 95 100 83 13 22 92
82 22 55 89 25 40 39 51 66 88
23 41 61 99 36 89 21 88 39 6
55 40 13 84 88 96 6 24 44 19
64 63 29 44 51 88 39 81 77 82
46 43 38 74 100 96 78 15 36 68
100 76 86 36 19 85 97 43 15 6
33 40 18 82 96 100 57 43 60 24
78 19 100 88 46 36 39 51 28 10
36 19 17 100 14 46 44 90 27 89
96 24 39 63 2 30 36 15 37 89
84 83 20 22 86 19 63 26 55 24
91 21 85 72 18 96 89 78 66 31
44 9 22 91 7 27 52 6 39 15
61 29 19 22 42 94 68 9 64 10
82 35 85 70 74 1 61 22 65 10
76 78 13 55 66 53 69 14 61 18
36 58 12 13 97 86 83 15 25 18
100 87 22 89 48 55 96 19 36 13
91 70 39 89 46 17 88 1 35 85
86 85 7 30 89 92 70 25 42 72
86 46 22 85 55 92 30 88 35 24
19 22 91 68 71 58 88 48 99 29
93 47 4 1 85 19 23 41 72 59
53 34 59 97 19 46 26 89 22 44
82 39 6 78 19 77 41 34 59 60
24 86 53 85 51 13 6 38 60 89
92 22 63 82 24 89 58 1 35 8
87 66 37 42 36 89 71 88 24 46
7 24 43 15 49 16 19 52 54 29
75 100 17 48 19 89 6 98 27 36
46 75 96 29 83 61 36 59 66 19
99 19 58 83 88 29 24 85 44 66
87 79 7 36 89 44 30 39 66 25
91 85 47 100 52 30 22 89 35 61
33 24 32 36 66 6 97 81 73 99
87 66 60 89 96 43 42 22 7 1
46 89 37 36 5 66 75 100 4 6
46 14 19 78 52 44 88 89 87 10
96 87 97 83 77 19 50 12 21 79
74 87 44 85 24 1 66 33 88 89
77 61 24 100 96 31 15 44 1 51
88 2 99 89 63 36 86 21 25 6
48 17 82 100 81 61 33 71 88 5
46 93 52 92 89 36 34 97 88 6
91 56 71 85 6 24 44 15 84 36
91 21 60 53 4 64 67 92 76 18
60 87 18 33 6 23 22 83 14 19
35 22 87 55 34 76 41 91 4 83
82 46 24 71 19 35 88 97 25 89
87 79 21 35 1 89 61 42 66 15
92 59 100 6 39 66 85 19 29 37
17 28 20 89 19 100 71 36 94 56
99 67 17 77 42 96 41 6 60 88
78 56 82 28 22 43 54 85 51 44
79 47 34 11 70 84 10 24 36 44
87 47 53 89 9 21 85 36 28 81
35 87 45 51 42 54 89 6 15 16
30 89 56 87 19 44 24 12 53 2
87 22 66 61 89 92 35 18 1 76
24 33 36 77 86 64 89 88 6 19
65 92 100 22 89 30 33 38 68 71
72 85 39 53 88 36 19 91 6 68
19 89 87 22 16 27 81 31 36 47
79 32 33 85 37 19 66 18 83 34
35 89 92 19 78 11 88 6 54 87
86 6 99 14 10 61 70 67 15 88
27 22 66 46 44 84 19 89 6 96
79 67 29 14 10 89 44 72 16 12
19 85 83 21 89 30 36 6 33 25
62 80 36 42 77 100 91 17 85 68
42 28 35 89 45 19 17 66 25 80
100 70 51 5 56 38 91 19 6 55
96 46 52 87 64 79 41 23 21 3
91 1 61 64 6 25 88 42 89 24
62 92 8 87 79 36 2 66 55 100
10 89 2 87 39 24 36 6 19 25
33 67 5 85 29 22 6 41 36 96
7 14 74 21 13 73 87 94 36 30
89 22 17 90 29 24 75 51 61 88
46 27 20 3 81 18 8 83 29 38
89 96 19 82 86 24 55 42 63 17
87 36 45 89 17 6 44 27 100 19
85 4 56 19 46 10 30 44 89 42
21 98 37 46 79 100 24 35 89 6
43 63 95 86 32 23 27 20 45 52
100 22 85 87 98 42 84 91 92 36
19 33 6 95 79 82 5 45 89 85
39 18 24 25 85 89 82 92 1 19
60 16 92 89 5 79 66 28 87 6
94 2 53 100 25 78 52 36 85 1
86 19 46 100 25 24 28 78 1 68
87 46 85 64 75 39 35 6 13 2
19 22 44 89 24 81 88 91 42 30
82 43 89 52 79 61 68 24 6 42
93 69 4 89 88 7 36 6 97 24
7 29 33 87 70 18 84 77 75 80
87 19 46 2 28 89 24 36 66 18
87 19 85 6 96 77 4 89 67 46
61 18 90 35 42 19 54 71 89 74
87 85 84 50 75 21 41 1 36 30
66 19 85 82 21 29 89 41 67 10
10 80 60 74 56 24 85 6 19 88
47 78 33 37 53 67 19 44 39 36
99 22 79 17 87 88 68 21 51 38
35 61 3 39 100 6 24 44 98 15
62 23 82 89 36 39 66 59 19 98
22 41 20 94 57 6 46 35 24 66
16 65 1 71 44 39 87 6 24 36
49 36 88 6 89 42 87 10 66 51
21 81 65 24 14 98 88 99 74 36
87 51 44 92 6 24 85 2 89 55
8 59 29 38 15 68 64 34 30 36
76 87 6 97 24 89 36 67 37 19
12 24 65 87 28 98 13 81 97 30
7 36 83 88 12 3 30 51 61 6
90 29 23 17 19 6 85 100 88 89
87 79 74 60 96 24 34 21 68 42
87 35 33 50 52 85 10 64 47 88
42 13 74 66 100 19 39 24 6 25
39 2 46 100 96 79 97 53 42 19
38 15 71 41 89 87 39 42 44 88
5 85 68 14 98 88 33 44 21 100
82 85 51 36 55 39 21 70 19 24
8 36 87 71 22 88 2 37 72 31
87 10 94 2 44 27 36 6 51 79
33 86 96 22 46 44 42 1 24 87
98 36 19 51 62 24 30 5 6 65
81 33 36 99 17 19 88 24 25 53
81 36 100 24 25 66 77 44 30 15
60 66 43 2 62 53 46 19 55 67
17 57 75 100 29 46 36 89 88 98
26 9 85 98 77 36 6 88 100 10
54 47 24 16 10 32 79 66 67 76
99 85 100 41 77 24 98 91 19 17
43 82 46 79 52 14 64 6 74 88
62 74 82 7 85 25 34 1 24 88
44 89 35 87 18 96 80 24 1 25
72 12 37 84 44 78 24 87 35 89
24 87 39 88 6 19 3 36 64 30
52 67 89 24 31 33 6 88 84 36
17 100 46 19 55 91 88 60 53 76
75 19 37 83 61 100 85 96 6 25
83 22 55 87 39 63 62 1 37 60
35 59 7 29 96 89 23 71 39 66
91 70 66 22 92 49 11 59 72 36
99 33 88 84 37 25 66 16 49 6
89 81 25 6 87 53 98 17 24 88
74 17 88 87 89 85 36 2 59 46
35 44 77 100 67 7 62 89 19 10
24 84 80 23 74 58 45 88 93 10
19 82 33 34 10 67 35 3 89 18
92 87 89 66 78 85 70 56 24 88
51 86 12 39 36 3 42 92 78 32
82 15 30 48 17 43 89 36 97 51
87 61 36 22 52 66 1 85 39 80
34 46 74 90 28 14 98 20 25 11
29 46 36 34 15 10 89 71 87 88
89 17 46 36 88 64 87 6 97 37
87 17 83 60 89 35 2 77 6 39
52 8 64 41 66 82 89 36 44 68
50 29 19 81 78 71 89 67 30 24
54 50 26 8 10 56 35 2 24 12
87 63 41 8 53 64 24 94 3 5
87 79 36 26 96 42 19 97 89 25
17 23 82 6 18 44 74 80 3 96
46 89 88 99 53 6 44 24 83 87
70 37 6 100 42 36 24 86 87 22
49 78 12 6 10 36 44 82 24 89
22 89 19 33 81 74 14 44 15 85
28 42 99 46 6 44 89 19 84 10
40 23 29 57 86 6 87 89 36 39
62 25 18 54 78 56 47 12 97 60
86 73 44 87 42 22 78 6 10 53
45 84 77 30 99 89 19 7 36 49
36 91 74 21 84 68 13 64 58 12
96 92 99 75 100 79 93 4 81 39
99 68 38 50 51 41 97 44 89 85
16 22 46 53 42 24 95 19 35 89
35 34 74 87 79 55 85 21 30 66
35 87 22 85 13 46 2 54 6 64
18 79 82 97 35 23 1 19 61 96
44 59 22 38 89 19 36 82 6 46
17 60 19 87 88 36 100 42 97 66
98 38 56 42 13 83 49 55 6 30
7 19 82 100 46 63 88 22 8 39
