82 30 19 6 75 59 13 88 24 89 
30 36 89 87 1 85 68 44 88 66 
24 19 29 87 89 35 60 21 6 88 
82 64 89 71 35 88 6 85 1 37 
44 10 46 90 88 66 22 6 36 95 
87 19 49 88 75 16 89 6 40 2 
87 52 92 85 67 1 45 36 89 98 
24 14 36 66 82 45 52 20 42 87 
63 17 89 24 88 36 84 28 68 15 
86 44 19 40 97 17 66 30 89 6 
82 50 62 44 87 29 30 10 68 66 
89 30 21 44 37 87 19 88 6 98 
83 46 24 6 99 89 15 68 91 74 
23 46 35 22 41 90 96 19 6 37 
53 55 82 70 23 46 2 34 71 52 
91 47 28 29 19 6 24 97 88 89 
54 88 75 9 61 87 89 1 98 10 
19 100 87 89 53 21 36 83 46 10 
87 63 53 2 36 40 5 88 50 70 
18 82 64 88 24 36 41 6 60 96 
62 90 36 21 24 89 88 53 35 6 
19 95 89 39 91 59 85 24 33 2 
17 19 64 39 82 42 33 6 76 44 
36 89 77 87 55 66 83 88 15 22 
43 24 42 92 36 22 89 66 82 62 
89 91 22 2 36 66 35 55 88 24 
46 89 30 100 87 77 34 36 6 19 
87 1 62 80 39 92 2 33 23 85 
2 99 91 96 45 85 35 75 39 63 
29 82 70 85 36 92 64 33 19 38 
86 6 84 46 89 77 87 94 44 25 
88 82 59 19 64 36 80 21 30 33 
89 31 46 99 91 36 6 66 85 72 
39 44 42 24 28 6 36 64 19 86 
96 45 7 36 82 33 22 1 27 89 
89 82 22 36 90 44 18 6 85 84 
19 87 28 22 36 6 89 59 85 38 
77 67 87 42 46 25 19 44 30 6 
87 55 4 35 24 88 13 89 6 25 
82 44 88 57 53 10 39 19 64 42 
48 28 52 87 36 37 1 24 64 32 
61 87 52 19 96 6 35 85 91 48 
17 64 82 33 30 42 36 89 11 49 
100 19 82 35 30 97 6 24 96 42 
30 39 24 64 85 89 60 42 6 36 
88 74 91 35 10 30 19 37 33 6 
29 46 91 35 89 30 19 6 22 64 
92 82 89 33 67 35 39 59 21 66 
85 87 24 100 89 64 60 22 98 63 
17 64 91 33 36 97 68 89 28 6 
82 44 2 100 36 64 37 21 88 10 
91 89 46 39 6 35 85 66 24 30 
87 94 22 6 66 85 36 30 62 19 
30 17 61 86 31 29 24 46 97 99 
33 2 36 91 85 6 89 15 11 66 
30 89 6 88 82 17 24 44 10 68 
19 53 88 87 89 35 6 25 66 24 
96 87 19 41 46 60 44 36 6 48 
82 33 17 37 35 88 98 9 6 53 
92 60 64 88 29 22 6 24 2 53 
87 89 69 35 10 27 6 88 15 42 
84 41 25 24 19 6 36 88 89 44 
96 35 58 87 45 29 33 85 55 74 
82 75 10 55 22 19 89 61 37 24 
87 84 45 19 54 35 89 29 53 22 
19 87 62 36 17 46 70 24 41 89 
39 44 27 86 24 37 6 97 67 68 
89 88 36 65 66 42 27 91 22 6 
19 31 46 89 87 88 58 24 97 66 
86 4 31 46 36 39 1 84 76 80 
35 33 21 91 89 88 98 6 19 95 
19 59 66 82 88 35 30 6 24 68 
12 91 36 6 78 85 37 22 24 75 
89 82 42 36 10 48 24 6 100 21 
87 17 62 35 85 31 93 1 37 97 
87 44 24 10 30 5 88 34 1 66 
1 62 82 96 78 39 85 89 23 37 
68 18 88 47 19 3 36 66 42 87 
82 35 7 89 6 39 57 68 24 28 
88 91 77 52 67 17 36 30 16 53 
77 24 19 71 42 89 87 37 85 6 
87 96 33 17 1 27 79 97 89 18 
59 85 96 19 89 88 36 6 9 24 
62 24 96 29 35 67 82 39 84 85 
36 87 88 24 22 89 97 34 63 7 
36 64 91 7 94 33 6 88 77 15 
42 10 82 33 89 55 6 76 18 7 
23 89 39 36 51 33 88 67 24 96 
22 89 88 81 6 35 66 91 46 97 
24 82 36 29 98 59 22 6 70 85 
50 87 96 79 19 36 89 33 66 71 
22 44 89 6 96 36 39 82 78 66 
89 1 22 91 44 39 29 2 25 6 
76 82 53 35 17 24 89 37 9 66 
24 15 82 1 23 89 22 10 42 44 
1 82 24 36 89 39 58 30 88 67 
96 12 89 24 72 88 33 35 28 44 
45 92 27 76 36 19 89 88 91 17 
82 60 39 15 96 89 30 52 66 14 
82 6 19 36 39 92 62 98 88 89 
91 75 100 35 6 46 96 89 15 27 
89 55 52 33 22 66 90 84 46 80 
55 89 35 91 61 78 85 96 19 3 
63 96 17 8 62 45 64 86 27 36 
87 22 36 18 25 23 3 92 19 88 
82 62 42 89 66 22 3 24 8 36 
82 8 27 88 1 35 89 7 79 59 
82 46 52 78 3 42 24 80 49 27 
86 50 89 78 24 42 36 6 22 88 
8 42 6 19 44 36 80 56 64 24 
38 43 80 85 1 33 28 36 24 88 
22 48 87 2 39 66 24 56 85 92 
27 100 88 93 33 35 44 39 7 19 
85 31 66 100 94 35 27 60 44 89 
91 44 6 88 89 42 35 78 66 5 
89 84 66 36 44 85 6 9 70 1 
91 28 22 46 35 15 10 6 97 33 
94 45 99 39 97 29 37 89 6 35 
82 70 85 10 94 21 89 88 36 24 
55 89 20 87 24 17 88 42 61 36 
85 24 81 78 44 89 15 36 10 7 
50 36 87 6 92 24 22 48 99 89 
96 82 60 41 22 50 36 20 2 15 
91 67 59 22 52 24 39 72 60 36 
45 24 17 100 89 85 36 22 33 31 
39 91 88 89 44 66 97 42 6 24 
87 61 94 28 52 76 97 64 7 40 
82 33 85 13 49 24 64 89 78 92 
98 25 41 82 19 23 43 44 33 89 
19 77 96 46 87 5 17 23 43 88 
71 91 50 9 10 66 6 24 100 89 
87 22 46 2 33 36 52 39 56 66 
90 82 98 17 19 99 62 46 77 36 
7 87 96 58 17 1 84 24 52 66 
100 36 7 6 24 73 89 10 59 85 
46 86 75 66 71 24 68 36 18 34 
88 45 97 82 19 11 36 64 6 24 
22 36 89 92 88 91 60 8 65 42 
6 91 18 39 42 51 66 61 36 24 
86 46 22 16 97 28 66 19 3 92 
29 57 19 36 89 87 39 44 85 90 
99 79 29 89 6 44 35 92 46 42 
23 41 61 99 36 89 21 88 39 6 
55 40 13 84 88 96 6 24 44 19 
64 63 29 44 51 88 39 81 77 82 
36 19 17 100 14 46 44 90 27 89 
91 21 85 72 18 96 89 78 66 31 
44 9 22 91 7 27 52 6 39 15 
82 35 85 70 74 1 61 22 65 10 
100 87 22 89 48 55 96 19 36 13 
91 70 39 89 46 17 88 1 35 85 
86 46 22 85 55 92 30 88 35 24 
24 86 53 85 51 13 6 38 60 89 
92 22 63 82 24 89 58 1 35 8 
87 66 37 42 36 89 71 88 24 46 
46 75 96 29 83 61 36 59 66 19 
99 19 58 83 88 29 24 85 44 66 
87 79 7 36 89 44 30 39 66 25 
91 85 47 100 52 30 22 89 35 61 
87 66 60 89 96 43 42 22 7 1 
46 14 19 78 52 44 88 89 87 10 
74 87 44 85 24 1 66 33 88 89 
88 2 99 89 63 36 86 21 25 6 
46 93 52 92 89 36 34 97 88 6 
91 56 71 85 6 24 44 15 84 36 
60 87 18 33 6 23 22 83 14 19 
82 46 24 71 19 35 88 97 25 89 
87 79 21 35 1 89 61 42 66 15 
78 56 82 28 22 43 54 85 51 44 
87 47 53 89 9 21 85 36 28 81 
35 87 45 51 42 54 89 6 15 16 
30 89 56 87 19 44 24 12 53 2 
87 22 66 61 89 92 35 18 1 76 
24 33 36 77 86 64 89 88 6 19 
72 85 39 53 88 36 19 91 6 68 
19 89 87 22 16 27 81 31 36 47 
35 89 92 19 78 11 88 6 54 87 
27 22 66 46 44 84 19 89 6 96 
62 80 36 42 77 100 91 17 85 68 
42 28 35 89 45 19 17 66 25 80 
91 1 61 64 6 25 88 42 89 24 
62 92 8 87 79 36 2 66 55 100 
10 89 2 87 39 24 36 6 19 25 
89 22 17 90 29 24 75 51 61 88 
87 36 45 89 17 6 44 27 100 19 
85 4 56 19 46 10 30 44 89 42 
19 33 6 95 79 82 5 45 89 85 
39 18 24 25 85 89 82 92 1 19 
60 16 92 89 5 79 66 28 87 6 
87 46 85 64 75 39 35 6 13 2 
19 22 44 89 24 81 88 91 42 30 
82 43 89 52 79 61 68 24 6 42 
93 69 4 89 88 7 36 6 97 24 
87 19 46 2 28 89 24 36 66 18 
87 19 85 6 96 77 4 89 67 46 
87 85 84 50 75 21 41 1 36 30 
66 19 85 82 21 29 89 41 67 10 
10 80 60 74 56 24 85 6 19 88 
62 23 82 89 36 39 66 59 19 98 
16 65 1 71 44 39 87 6 24 36 
49 36 88 6 89 42 87 10 66 51 
87 51 44 92 6 24 85 2 89 55 
76 87 6 97 24 89 36 67 37 19 
87 35 33 50 52 85 10 64 47 88 
38 15 71 41 89 87 39 42 44 88 
82 85 51 36 55 39 21 70 19 24 
8 36 87 71 22 88 2 37 72 31 
87 10 94 2 44 27 36 6 51 79 
33 86 96 22 46 44 42 1 24 87 
17 57 75 100 29 46 36 89 88 98 
43 82 46 79 52 14 64 6 74 88 
62 74 82 7 85 25 34 1 24 88 
44 89 35 87 18 96 80 24 1 25 
72 12 37 84 44 78 24 87 35 89 
24 87 39 88 6 19 3 36 64 30 
52 67 89 24 31 33 6 88 84 36 
17 100 46 19 55 91 88 60 53 76 
91 70 66 22 92 49 11 59 72 36 
89 81 25 6 87 53 98 17 24 88 
74 17 88 87 89 85 36 2 59 46 
24 84 80 23 74 58 45 88 93 10 
19 82 33 34 10 67 35 3 89 18 
92 87 89 66 78 85 70 56 24 88 
82 15 30 48 17 43 89 36 97 51 
87 61 36 22 52 66 1 85 39 80 
29 46 36 34 15 10 89 71 87 88 
89 17 46 36 88 64 87 6 97 37 
87 17 83 60 89 35 2 77 6 39 
52 8 64 41 66 82 89 36 44 68 
87 63 41 8 53 64 24 94 3 5 
17 23 82 6 18 44 74 80 3 96 
46 89 88 99 53 6 44 24 83 87 
70 37 6 100 42 36 24 86 87 22 
49 78 12 6 10 36 44 82 24 89 
28 42 99 46 6 44 89 19 84 10 
40 23 29 57 86 6 87 89 36 39 
86 73 44 87 42 22 78 6 10 53 
45 84 77 30 99 89 19 7 36 49 
16 22 46 53 42 24 95 19 35 89 
35 87 22 85 13 46 2 54 6 64 
18 79 82 97 35 23 1 19 61 96 
44 59 22 38 89 19 36 82 6 46 
17 60 19 87 88 36 100 42 97 66 
7 19 82 100 46 63 88 22 8 39 
