69 48 40 12 57 43 35 2 19 50 
40 93 3 69 48 30 12 46 6 45 
99 95 73 21 69 11 28 61 50 49 
78 28 25 73 79 24 50 67 44 2 
21 28 18 23 47 19 3 31 93 30 
73 42 1 87 18 28 6 82 45 29 
30 63 23 18 52 21 28 54 33 11 
28 25 55 50 89 19 18 26 3 75 
24 37 3 11 76 12 30 50 25 73 
49 28 69 25 18 36 12 11 3 32 
4 28 94 68 92 18 25 57 40 69 
28 55 40 3 50 81 19 11 43 26 
82 76 92 60 28 69 33 44 66 18 
19 43 30 25 69 52 11 6 61 3 
94 30 32 95 87 73 21 61 10 28 
16 18 1 74 30 68 82 28 76 66 
21 62 42 1 6 29 46 74 61 73 
69 16 28 37 21 5 79 50 18 80 
69 39 15 40 82 30 76 13 18 52 
23 73 61 40 32 14 26 28 11 18 
11 21 43 35 61 55 3 57 50 52 
18 38 50 28 26 24 72 11 92 74 
90 21 12 30 18 45 3 73 88 28 
29 68 30 21 3 63 55 13 49 73 
37 69 80 28 34 3 74 50 94 61 
43 40 28 27 30 11 18 69 62 68 
11 25 28 82 69 15 4 37 44 43 
40 11 73 21 30 25 3 92 81 83 
25 36 34 50 79 43 68 24 3 12 
28 18 21 22 31 27 67 12 38 11 
31 6 11 30 26 43 13 92 9 73 
30 21 28 32 66 2 80 73 36 47 
50 11 12 18 28 21 68 52 78 57 
87 28 21 95 3 11 82 44 67 73 
27 40 6 69 20 26 80 2 92 28 
18 82 42 69 28 73 60 92 11 74 
69 3 28 19 30 11 35 25 18 47 
82 48 40 11 25 18 26 12 73 69 
28 72 19 84 52 3 80 82 25 18 
28 69 40 35 30 50 31 92 61 44 
25 28 21 82 36 92 61 6 35 31 
12 28 60 46 44 21 26 61 31 82 
24 43 13 62 72 28 73 21 18 60 
17 18 42 28 6 3 73 21 49 80 
28 73 82 25 11 55 63 26 1 68 
18 3 21 28 15 87 32 42 92 80 
61 3 21 92 37 72 68 42 28 80 
3 52 11 10 28 25 62 50 58 15 
55 3 28 92 18 21 77 42 23 6 
12 28 21 5 45 36 42 2 49 80 
72 3 53 2 61 73 6 40 76 59 
34 28 50 24 92 21 73 3 52 18 
14 55 3 82 12 60 25 90 27 2 
63 1 53 28 61 40 76 26 92 52 
6 2 21 82 74 68 59 67 66 86 
26 3 46 13 4 8 18 47 84 12 
59 55 18 21 28 73 11 12 80 66 
58 82 18 28 29 86 11 69 26 75 
61 26 25 92 28 11 93 58 44 46 
30 18 63 15 28 69 3 52 11 73 
19 50 1 39 28 21 18 6 32 73 
65 82 69 26 53 34 36 31 11 32 
46 69 77 72 40 73 92 11 14 12 
82 3 1 25 33 11 92 28 21 26 
19 13 80 28 21 73 44 60 3 50 
32 46 76 21 90 52 50 19 3 1 
60 3 61 44 1 38 6 92 28 40 
3 40 66 33 60 44 80 28 11 30 
46 19 95 12 28 50 3 21 82 54 
55 100 92 61 67 73 32 12 28 18 
92 69 18 25 11 3 19 22 58 95 
25 18 78 28 21 30 73 16 61 3 
21 50 18 67 53 11 69 74 30 6 
21 26 37 24 89 50 49 2 18 30 
93 52 80 40 82 18 2 92 100 26 
82 30 12 40 3 26 18 50 73 46 
40 28 3 42 87 80 49 26 68 66 
32 92 21 28 76 43 70 73 95 66 
55 85 80 1 67 28 61 21 2 15 
73 19 49 46 11 28 21 68 69 18 
12 79 21 74 86 47 69 31 89 11 
28 1 51 87 40 61 80 43 76 3 
27 25 28 36 38 3 11 18 94 68 
11 21 48 73 69 44 61 28 18 12 
28 12 30 80 40 3 66 87 59 2 
64 3 25 27 30 94 2 51 12 32 
73 12 28 18 25 3 38 45 82 26 
69 80 74 3 36 92 11 30 61 83 
18 3 82 40 80 14 24 35 45 92 
18 68 58 12 28 3 49 21 73 30 
46 67 25 18 73 15 43 45 28 82 
6 79 3 18 53 28 67 59 69 64 
12 69 44 28 11 92 48 3 52 21 
69 97 21 28 12 45 38 3 66 18 
69 3 80 76 12 1 28 60 25 66 
48 13 25 46 11 3 28 100 18 19 
32 70 25 17 50 18 73 28 3 92 
42 46 60 3 51 18 28 23 27 8 
12 21 18 6 13 55 50 74 3 80 
28 26 30 12 21 35 13 92 76 32 
36 40 30 25 73 28 69 92 39 79 
28 1 21 61 26 48 30 92 82 44 
21 74 92 28 87 11 66 17 43 82 
69 28 82 26 18 11 40 1 48 73 
46 28 78 86 3 35 21 31 73 1 
30 21 76 89 2 60 24 92 82 73 
18 12 32 61 40 11 21 28 82 2 
55 18 48 40 73 28 82 2 32 14 
32 28 61 40 12 36 92 18 5 1 
40 26 18 53 48 28 12 11 3 60 
21 31 99 96 76 13 78 12 30 48 
69 14 92 11 36 40 93 80 67 94 
82 28 40 50 80 2 38 30 42 11 
28 61 92 69 63 30 44 18 73 1 
30 25 87 82 28 16 46 51 69 73 
87 92 77 48 28 68 2 11 3 25 
31 19 87 28 92 3 68 11 43 73 
31 40 92 70 28 80 24 18 3 46 
1 91 50 27 28 40 69 11 86 66 
40 45 95 33 55 2 28 18 62 42 
28 25 46 57 80 70 26 50 5 76 
3 66 46 68 25 16 98 28 92 12 
42 28 18 84 68 80 73 66 5 43 
53 3 40 28 12 11 66 30 18 73 
12 80 28 21 27 3 48 18 52 92 
46 33 31 21 34 12 47 79 23 38 
74 46 18 28 11 21 30 62 20 66 
74 50 18 28 40 91 92 13 45 44 
82 53 74 2 25 61 73 11 66 18 
26 12 18 94 42 3 28 21 68 61 
28 46 80 15 88 41 73 79 18 30 
21 69 67 63 18 53 28 7 19 12 
45 69 63 11 25 15 30 42 86 26 
46 58 32 25 44 13 70 28 2 90 
14 11 21 80 44 75 26 46 19 28 
46 50 60 34 26 21 12 20 31 72 
21 3 69 74 68 30 82 18 35 73 
28 69 14 93 61 73 46 32 82 40 
47 24 18 35 45 30 32 52 82 25 
13 8 6 60 21 50 23 73 30 3 
23 46 12 58 61 11 59 57 21 52 
69 48 25 11 84 64 82 32 68 28 
15 3 25 11 91 61 28 18 88 30 
25 94 11 66 18 30 8 61 74 69 
8 6 58 19 11 21 46 80 28 18 
52 40 51 60 53 28 11 44 70 89 
65 55 25 12 28 18 30 3 11 44 
28 69 73 30 40 18 66 85 82 11 
93 88 27 37 73 26 28 21 61 39 
50 2 67 66 28 40 92 11 83 81 
69 95 22 23 21 82 28 11 92 12 
28 47 39 11 21 52 60 82 30 70 
28 46 12 50 35 73 92 11 84 44 
82 28 5 3 69 21 92 37 12 4 
64 25 28 81 18 12 68 80 3 61 
39 28 18 73 50 21 3 66 80 82 
69 28 12 1 11 21 52 82 44 19 
28 69 31 11 82 73 81 18 94 75 
12 30 59 61 18 28 40 50 19 68 
67 55 95 11 43 40 73 28 1 16 
61 25 94 18 58 3 21 6 54 73 
18 82 21 69 30 11 23 61 48 92 
13 3 21 61 26 51 92 42 10 5 
57 25 26 81 42 28 3 92 50 82 
42 30 3 46 25 48 68 18 28 44 
28 61 40 82 3 72 16 32 18 36 
25 16 69 9 3 48 95 92 14 60 
18 39 73 72 11 28 82 1 43 61 
38 55 21 30 70 85 79 44 3 2 
28 48 87 92 12 3 11 36 21 47 
2 21 69 12 32 28 18 82 31 20 
84 69 56 32 68 19 18 70 67 42 
46 38 21 2 52 32 6 59 66 9 
21 72 95 28 32 43 19 26 8 50 
50 55 25 43 3 29 72 26 18 4 
69 44 13 2 50 18 40 70 28 11 
21 34 6 92 11 61 51 47 73 14 
46 11 40 39 45 25 42 77 73 61 
91 50 47 9 61 18 68 28 3 26 
46 50 48 28 19 95 52 79 30 45 
72 33 82 66 40 12 86 3 4 76 
89 6 1 28 21 82 60 52 18 3 
15 45 50 18 3 44 73 23 28 46 
66 42 73 28 18 32 92 30 11 38 
3 69 81 80 30 25 82 61 11 28 
28 57 12 21 24 73 18 67 11 69 
26 57 28 69 92 30 73 18 25 66 
40 28 11 46 57 18 66 27 61 69 
69 17 46 21 18 19 12 91 16 44 
61 33 73 6 80 21 28 30 3 2 
46 74 25 73 30 45 19 18 5 28 
69 28 30 52 15 46 66 2 26 94 
55 40 13 43 61 45 28 18 11 19 
46 40 73 61 82 18 2 14 26 94 
59 46 73 42 32 79 19 56 28 18 
26 61 42 21 50 63 68 69 73 11 
72 18 11 40 90 73 26 30 68 2 
53 34 18 82 16 28 80 66 92 52 
48 28 69 58 25 62 79 15 88 10 
18 28 73 21 82 11 43 55 27 38 
33 28 18 87 25 48 79 46 12 7 
38 25 69 11 64 27 5 1 28 52 
28 18 69 81 42 21 66 46 52 7 
25 34 6 11 43 50 26 74 59 3 
48 86 61 2 18 73 60 92 28 76 
18 28 44 46 95 21 1 80 82 60 
11 28 21 44 46 12 94 38 69 82 
28 3 53 30 44 25 92 68 61 18 
28 48 25 3 1 87 18 43 36 73 
3 6 28 69 18 11 62 40 66 2 
28 89 19 25 18 55 26 45 31 82 
21 69 11 35 82 31 55 40 76 65 
82 69 2 21 3 13 80 45 73 26 
25 1 38 26 46 61 44 12 89 84 
28 69 82 80 61 68 30 40 73 67 
18 28 61 45 42 15 6 56 66 83 
44 21 12 46 69 28 2 45 72 23 
69 26 77 2 3 21 28 83 82 11 
84 25 47 3 82 87 28 13 36 27 
3 85 28 48 30 11 69 25 19 35 
46 28 37 12 11 18 73 8 21 2 
56 82 11 57 69 21 42 6 73 28 
37 50 6 28 46 92 62 2 95 45 
69 28 77 12 1 43 19 21 68 64 
40 2 28 46 18 38 82 68 30 79 
55 38 25 3 68 82 12 80 44 42 
40 48 24 28 18 35 3 32 11 92 
69 28 55 13 18 11 16 60 44 3 
9 3 92 73 28 61 82 40 11 66 
7 80 68 21 65 17 92 93 48 28 
38 30 6 43 11 25 73 26 61 28 
85 35 28 18 44 21 87 1 73 3 
11 89 3 28 25 67 61 19 48 18 
46 74 57 18 50 25 58 42 79 11 
40 46 50 57 1 44 26 19 13 18 
69 21 65 95 70 30 73 80 28 40 
72 81 11 40 73 28 18 36 48 80 
62 86 1 92 25 28 3 18 38 76 
32 85 42 7 25 19 52 66 18 73 
52 40 48 28 3 30 66 61 11 18 
73 69 38 9 16 61 92 68 3 30 
12 69 28 34 21 18 30 43 2 92 
51 21 2 60 25 72 3 23 17 73 
22 26 21 28 66 52 11 18 3 40 
70 33 23 69 19 36 28 21 86 80 
11 39 18 28 69 40 66 73 48 42 
69 60 48 21 18 82 73 44 4 47 
42 28 18 40 3 61 52 11 16 97 
57 2 54 25 3 61 11 50 76 19 
69 26 60 85 40 12 7 89 53 19 
69 3 80 18 81 11 28 30 10 68 
91 1 61 92 25 18 82 28 52 33 
14 40 43 18 24 28 5 6 11 42 
28 69 68 25 26 62 92 44 80 3 
68 18 51 15 35 43 32 28 36 69 
61 3 68 19 51 25 11 73 54 45 
55 38 12 41 25 42 73 2 61 3 
92 28 18 21 30 3 63 12 1 69 
55 48 52 30 41 21 73 28 11 66 
28 21 51 12 46 3 82 69 36 18 
57 69 66 28 18 11 44 76 82 46 
74 55 11 69 42 28 40 25 18 16 
30 21 69 28 61 82 68 55 12 94 
72 26 18 11 4 28 82 33 73 3 
28 25 18 61 68 69 92 73 37 3 
94 24 12 25 48 72 97 42 38 1 
30 95 80 60 11 40 47 50 6 48 
28 69 2 80 12 36 32 82 27 76 
32 28 46 66 73 50 25 57 70 94 
48 46 7 3 21 26 6 61 80 28 
28 40 92 26 73 46 3 18 14 80 
28 82 25 26 48 44 2 74 34 73 
93 69 28 4 79 25 11 18 92 73 
28 38 30 3 25 35 18 92 61 16 
50 48 57 46 68 1 25 28 3 69 
24 35 18 19 31 28 11 2 45 80 
28 79 69 36 89 92 42 47 21 50 
80 19 28 11 21 30 40 24 44 29 
28 18 62 80 19 26 69 67 3 92 
28 92 18 25 80 38 61 30 45 26 
47 54 25 14 94 92 11 46 62 3 
33 61 11 69 3 18 92 40 28 72 
28 12 21 97 30 61 80 68 11 73 
51 26 50 25 52 28 16 82 42 73 
22 41 12 73 25 28 18 82 60 30 
25 46 1 57 92 3 11 19 68 28 
97 21 18 61 30 60 3 26 44 75 
28 18 69 30 85 82 55 74 51 80 
2 61 92 87 35 11 47 13 28 73 
30 28 21 6 77 3 55 72 18 60 
40 55 28 95 9 18 80 39 30 52 
28 39 12 50 32 44 25 82 72 70 
74 88 25 2 12 67 24 54 97 79 
76 53 67 3 92 18 28 61 80 68 
21 1 11 14 59 48 94 22 44 28 
40 61 51 92 11 66 6 76 80 69 
28 69 12 18 16 92 61 82 73 3 
30 46 40 18 28 3 11 48 60 26 
40 14 30 61 26 35 16 69 57 73 
36 51 26 46 40 92 44 3 18 79 
12 33 61 2 82 21 32 28 23 38 
46 1 48 18 25 28 6 3 19 50 
13 19 40 12 67 60 37 55 46 71 
48 45 69 28 46 21 38 18 32 61 
72 18 21 28 11 61 26 12 80 3 
91 32 21 6 39 73 53 1 69 61 
95 17 32 1 43 66 40 3 28 73 
87 54 2 32 28 18 27 92 36 82 
99 43 68 28 73 55 1 18 48 21 
26 12 82 40 73 61 50 28 46 92 
62 52 43 6 32 2 25 92 27 73 
11 82 30 92 51 84 40 32 41 61 
3 60 21 55 92 23 28 43 70 44 
40 3 42 68 48 17 51 34 14 82 
35 18 28 6 61 3 26 36 11 55 
37 19 61 55 18 3 28 42 26 32 
69 28 40 73 89 44 82 67 27 50 
55 18 21 32 67 23 69 35 61 3 
28 11 25 18 89 1 82 26 92 3 
25 87 3 50 80 48 44 18 92 7 
47 11 60 28 21 18 67 69 73 50 
38 47 12 28 32 3 82 11 21 18 
1 44 3 21 11 73 82 61 70 26 
55 1 28 59 26 31 25 3 44 18 
6 28 38 43 30 12 32 3 35 44 
55 83 44 6 26 36 42 31 32 21 
69 28 21 26 1 54 84 80 92 30 
73 61 25 46 2 3 66 28 11 26 
15 55 50 28 21 32 36 18 6 73 
69 43 12 52 25 32 2 28 95 73 
28 46 30 44 2 21 57 98 42 3 
40 3 50 20 69 18 92 21 63 12 
25 69 76 48 3 19 86 28 82 26 
52 69 73 18 32 12 48 28 92 24 
11 28 21 82 55 22 49 26 73 12 
69 40 100 50 18 26 28 68 3 35 
70 26 3 6 25 61 69 28 92 73 
21 69 82 14 46 26 80 92 73 3 
52 73 12 50 40 18 68 80 2 61 
28 12 95 11 3 69 7 44 82 67 
28 46 40 8 92 80 32 16 48 3 
40 42 55 89 80 71 26 11 28 92 
86 73 5 16 27 92 28 69 11 3 
35 92 40 69 28 19 73 52 11 3 
40 92 30 38 11 28 80 3 1 52 
25 48 71 77 21 13 86 82 73 30 
28 21 30 13 73 26 32 19 50 18 
13 25 46 28 26 42 61 19 73 32 
38 73 21 11 28 6 18 53 44 1 
88 1 21 28 59 30 44 79 80 3 
25 69 6 14 11 47 82 3 26 73 
